0.00000089 0.00000115 0.00000100 0.00000098 
0.00000131 0.00000171 0.00000153 0.00000149 
0.00000150 0.00000222 0.00000199 0.00000166 
0.00000199 0.00000315 0.00000269 0.00000230 
0.00000257 0.00000391 0.00000336 0.00000308 
0.00000307 0.00000483 0.00000410 0.00000374 
0.00000339 0.00000555 0.00000421 0.00000380 
0.00000329 0.00000609 0.00000451 0.00000400 
0.00000477 0.00000758 0.00000580 0.00000513 
0.00000498 0.00000809 0.00000638 0.00000555 
0.00000567 0.00000875 0.00000715 0.00000632 
0.00000624 0.00000998 0.00000732 0.00000636 
0.00000718 0.00001078 0.00000874 0.00000793 
0.00000768 0.00001067 0.00000834 0.00000723 
0.00000885 0.00001257 0.00001068 0.00000900 
0.00000867 0.00001290 0.00001038 0.00000906 
0.00000966 0.00001327 0.00001052 0.00000908 
0.00001017 0.00001478 0.00001246 0.00001069 
0.00001123 0.00001584 0.00001331 0.00001153 
0.00001263 0.00001716 0.00001404 0.00001203 
0.00001170 0.00001651 0.00001377 0.00001190 
0.00001345 0.00001877 0.00001614 0.00001351 
0.00001435 0.00001915 0.00001634 0.00001436 
0.00001532 0.00002077 0.00001797 0.00001556 
0.00001636 0.00002158 0.00001883 0.00001630 
0.00001686 0.00002153 0.00001865 0.00001645 
0.00001881 0.00002353 0.00002047 0.00001797 
0.00001795 0.00002390 0.00002176 0.00001858 
0.00001886 0.00002432 0.00002166 0.00001920 
0.00001993 0.00002559 0.00002344 0.00002058 
0.00002183 0.00002697 0.00002467 0.00002195 
0.00002158 0.00002724 0.00002465 0.00002210 
0.00002368 0.00002903 0.00002731 0.00002405 
0.00002341 0.00002865 0.00002661 0.00002356 
0.00002418 0.00003094 0.00002892 0.00002540 
0.00002611 0.00003196 0.00002948 0.00002665 
0.00002665 0.00003249 0.00003079 0.00002766 
0.00002865 0.00003466 0.00003306 0.00002892 
0.00002841 0.00003500 0.00003346 0.00003016 
0.00002925 0.00003532 0.00003424 0.00003180 
0.00003020 0.00003614 0.00003552 0.00003224 
0.00003101 0.00003688 0.00003574 0.00003246 
0.00003347 0.00003884 0.00003828 0.00003495 
0.00003324 0.00003938 0.00003974 0.00003607 
0.00003436 0.00004045 0.00003937 0.00003631 
0.00003468 0.00004079 0.00004145 0.00003744 
0.00003661 0.00004208 0.00004261 0.00003868 
0.00003734 0.00004373 0.00004345 0.00004067 
0.00003799 0.00004412 0.00004447 0.00004043 
0.00004115 0.00004805 0.00005006 0.00004580 
0.00004131 0.00004762 0.00004779 0.00004552 
0.00004502 0.00005132 0.00005258 0.00004977 
0.00004199 0.00004774 0.00004934 0.00004603 
0.00004407 0.00004990 0.00005149 0.00004831 
0.00004542 0.00004972 0.00005246 0.00004925 
0.00004544 0.00005176 0.00005362 0.00005011 
0.00004656 0.00005225 0.00005463 0.00005113 
0.00004776 0.00005314 0.00005611 0.00005355 
0.00004760 0.00005307 0.00005671 0.00005398 
0.00004866 0.00005510 0.00005735 0.00005376 
0.00005053 0.00005629 0.00005984 0.00005717 
0.00005022 0.00005705 0.00006166 0.00005731 
0.00005242 0.00005853 0.00006297 0.00006007 
0.00005393 0.00005965 0.00006403 0.00005982 
0.00005339 0.00005915 0.00006364 0.00006046 
0.00005535 0.00006158 0.00006496 0.00006262 
0.00005815 0.00006242 0.00006699 0.00006365 
0.00005803 0.00006296 0.00006811 0.00006531 
0.00005853 0.00006489 0.00006999 0.00006653 
0.00006031 0.00006581 0.00007077 0.00006760 
0.00006142 0.00006824 0.00007395 0.00007181 
0.00006390 0.00006886 0.00007283 0.00007141 
0.00006533 0.00007102 0.00007719 0.00007470 
0.00006486 0.00007054 0.00007679 0.00007374 
0.00006702 0.00007185 0.00007829 0.00007511 
0.00006747 0.00007468 0.00008038 0.00007685 
0.00006803 0.00007374 0.00007899 0.00007581 
0.00006915 0.00007524 0.00008157 0.00007869 
0.00006953 0.00007416 0.00008162 0.00007873 
0.00007069 0.00007680 0.00008259 0.00007966 
0.00007045 0.00007674 0.00008406 0.00008161 
0.00007270 0.00007789 0.00008504 0.00008385 
0.00007288 0.00007871 0.00008601 0.00008387 
0.00007460 0.00008224 0.00008862 0.00008393 
0.00007483 0.00008070 0.00009203 0.00008838 
0.00007609 0.00008378 0.00009008 0.00008729 
0.00007805 0.00008293 0.00008973 0.00008949 
0.00007953 0.00008506 0.00009232 0.00009027 
0.00008061 0.00008735 0.00009518 0.00009134 
0.00008267 0.00008816 0.00009487 0.00009118 
0.00008257 0.00008686 0.00009555 0.00009435 
0.00008346 0.00008936 0.00009858 0.00009528 
0.00008550 0.00009146 0.00009887 0.00009667 
0.00008510 0.00009130 0.00009981 0.00009727 
0.00008613 0.00009167 0.00010129 0.00009861 
0.00009057 0.00009476 0.00010313 0.00010146 
0.00008962 0.00009543 0.00010573 0.00010137 
0.00008870 0.00009546 0.00010662 0.00010379 
0.00009115 0.00009656 0.00010718 0.00010312 
0.00009380 0.00009979 0.00010694 0.00010622 
0.00009595 0.00010045 0.00010893 0.00010816 
0.00009484 0.00009992 0.00010982 0.00010754 
0.00009721 0.00010163 0.00011112 0.00010788 
0.00009687 0.00010426 0.00011172 0.00011055 
0.00009750 0.00010462 0.00011304 0.00011207 
0.00010230 0.00010634 0.00011759 0.00011700 
0.00010202 0.00010583 0.00011833 0.00011594 
0.00010332 0.00010720 0.00012035 0.00011738 
0.00010522 0.00010963 0.00011959 0.00011638 
0.00010598 0.00011034 0.00011993 0.00011972 
0.00010713 0.00011281 0.00012420 0.00012221 
0.00010534 0.00011155 0.00012170 0.00011938 
0.00011952 0.00012775 0.00013885 0.00013503 
0.00010509 0.00011035 0.00012002 0.00011768 
0.00010350 0.00011008 0.00012128 0.00011899 
0.00010886 0.00011362 0.00012561 0.00012306 
0.00011462 0.00012025 0.00013127 0.00013178 
0.00011477 0.00012036 0.00013165 0.00012952 
0.00011087 0.00011672 0.00012801 0.00012614 
0.00011253 0.00011705 0.00012895 0.00012752 
0.00011170 0.00011756 0.00012837 0.00012697 
0.00011321 0.00011837 0.00012977 0.00012729 
0.00011386 0.00011870 0.00013035 0.00012911 
0.00011551 0.00012031 0.00013263 0.00012998 
0.00011952 0.00012412 0.00013855 0.00013698 
0.00012155 0.00012733 0.00014060 0.00013567 
0.00012264 0.00012648 0.00013921 0.00013798 
0.00011801 0.00012597 0.00013680 0.00013430 
0.00012244 0.00012812 0.00013951 0.00013782 
0.00012464 0.00013089 0.00014237 0.00014031 
0.00012377 0.00013114 0.00014495 0.00014244 
0.00012227 0.00012904 0.00014064 0.00013836 
0.00012682 0.00013206 0.00014418 0.00014318 
0.00012513 0.00013018 0.00014240 0.00013922 
0.00014072 0.00014584 0.00015920 0.00016019 
0.00013698 0.00014556 0.00015821 0.00015472 
0.00013567 0.00014101 0.00015424 0.00015242 
0.00013749 0.00014278 0.00015856 0.00015427 
0.00014322 0.00014717 0.00016042 0.00016050 
0.00014136 0.00014457 0.00015774 0.00015447 
0.00014196 0.00014769 0.00016162 0.00016050 
0.00014842 0.00015188 0.00016742 0.00016545 
0.00014523 0.00014981 0.00016617 0.00016592 
0.00014838 0.00015179 0.00016898 0.00016692 
0.00015048 0.00015468 0.00016883 0.00017047 
0.00014937 0.00015443 0.00016891 0.00016590 
0.00014661 0.00015632 0.00017540 0.00016973 
0.00015144 0.00015408 0.00017002 0.00016885 
0.00015168 0.00015571 0.00017050 0.00016595 
0.00015180 0.00015286 0.00017389 0.00017083 
0.00015236 0.00015805 0.00017655 0.00017517 
0.00015293 0.00015786 0.00017367 0.00017158 
0.00015572 0.00016099 0.00017785 0.00017503 
0.00015758 0.00016074 0.00017904 0.00018110 
0.00015847 0.00016187 0.00017840 0.00017385 
0.00015907 0.00016545 0.00018235 0.00017841 
0.00016166 0.00016422 0.00018120 0.00018271 
0.00016046 0.00016438 0.00018359 0.00018107 
0.00016243 0.00016367 0.00018037 0.00018138 
0.00016459 0.00016971 0.00018658 0.00018403 
0.00016554 0.00016849 0.00018827 0.00018434 
0.00016593 0.00017047 0.00019068 0.00018596 
0.00016715 0.00017258 0.00018996 0.00018830 
0.00017539 0.00017668 0.00019328 0.00019018 
0.00017719 0.00017938 0.00020461 0.00020001 
0.00017797 0.00017665 0.00019394 0.00019391 
0.00017100 0.00017808 0.00019453 0.00019443 
0.00017482 0.00017968 0.00019682 0.00019558 
0.00017723 0.00017891 0.00019472 0.00019254 
0.00017782 0.00018072 0.00019772 0.00019482 
0.00017899 0.00018017 0.00020125 0.00020092 
0.00017709 0.00018060 0.00019598 0.00019974 
0.00017786 0.00018399 0.00020650 0.00019866 
0.00018074 0.00018361 0.00020533 0.00020029 
0.00018148 0.00018460 0.00020307 0.00020245 
0.00018442 0.00018901 0.00020817 0.00020545 
0.00018695 0.00018599 0.00020377 0.00020514 
0.00018378 0.00018969 0.00020726 0.00020729 
0.00018848 0.00018859 0.00020934 0.00020707 
0.00018732 0.00019237 0.00021028 0.00020957 
0.00018944 0.00019175 0.00020959 0.00021051 
0.00018998 0.00019337 0.00021336 0.00021202 
0.00019102 0.00019374 0.00021550 0.00021457 
0.00019684 0.00019798 0.00021904 0.00021708 
0.00019510 0.00019647 0.00021858 0.00021600 
0.00019779 0.00020025 0.00021751 0.00021836 
0.00019683 0.00019940 0.00021840 0.00022009 
0.00020076 0.00020330 0.00022387 0.00022460 
0.00019851 0.00020118 0.00022705 0.00022233 
0.00019990 0.00020045 0.00022506 0.00022086 
0.00020345 0.00020550 0.00023091 0.00023081 
0.00020233 0.00020421 0.00022771 0.00022673 
0.00020502 0.00020614 0.00022747 0.00022837 
0.00021136 0.00021334 0.00023437 0.00023510 
0.00020599 0.00021180 0.00023617 0.00023276 
0.00020879 0.00020750 0.00023275 0.00023208 
0.00020979 0.00021611 0.00023934 0.00023708 
0.00020775 0.00021085 0.00023532 0.00023454 
0.00021256 0.00021537 0.00024358 0.00023712 
0.00022492 0.00022758 0.00025292 0.00025434 
0.00021829 0.00022376 0.00024720 0.00024526 
0.00021801 0.00022061 0.00024229 0.00024501 
0.00021835 0.00022056 0.00024590 0.00023990 
0.00021802 0.00022260 0.00025059 0.00024338 
0.00022029 0.00022444 0.00024808 0.00024725 
0.00022289 0.00022441 0.00025219 0.00024985 
0.00022288 0.00022787 0.00025321 0.00024583 
0.00022042 0.00022555 0.00025212 0.00024491 
0.00022372 0.00022719 0.00025078 0.00024635 
0.00022811 0.00022818 0.00025430 0.00024942 
0.00022445 0.00023133 0.00025487 0.00025184 
0.00023060 0.00023279 0.00026115 0.00025614 
0.00022898 0.00023454 0.00025510 0.00025186 
0.00023121 0.00023352 0.00026305 0.00025875 
0.00022856 0.00023864 0.00025971 0.00025416 
0.00023703 0.00023676 0.00026132 0.00026208 
0.00023358 0.00023453 0.00026241 0.00026015 
0.00023329 0.00023703 0.00026200 0.00025975 
0.00024100 0.00024228 0.00026695 0.00026289 
0.00024530 0.00024524 0.00027123 0.00027610 
0.00023674 0.00024153 0.00026517 0.00026761 
0.00024151 0.00024380 0.00027002 0.00027130 
0.00024537 0.00024693 0.00027212 0.00026593 
0.00024613 0.00024493 0.00027203 0.00027283 
0.00024236 0.00024661 0.00027539 0.00027304 
0.00024544 0.00024701 0.00027135 0.00027000 
0.00024855 0.00024526 0.00027895 0.00027388 
0.00025354 0.00025540 0.00028520 0.00027982 
0.00026387 0.00026335 0.00030107 0.00029861 
0.00025564 0.00026191 0.00028611 0.00028583 
0.00025169 0.00025114 0.00027993 0.00027672 
0.00025567 0.00025495 0.00028546 0.00028238 
0.00025688 0.00026008 0.00028947 0.00028950 
0.00025512 0.00025459 0.00028011 0.00028290 
0.00025674 0.00025700 0.00028501 0.00028274 
0.00025879 0.00025641 0.00028794 0.00028255 
0.00026167 0.00026227 0.00028803 0.00029018 
0.00026152 0.00026022 0.00028649 0.00028425 
0.00025691 0.00026103 0.00029267 0.00029006 
0.00025951 0.00026247 0.00029026 0.00029695 
0.00026426 0.00026513 0.00029353 0.00029223 
0.00026419 0.00026654 0.00029184 0.00029635 
0.00026905 0.00026636 0.00029523 0.00029504 
0.00026614 0.00026795 0.00029584 0.00029635 
0.00026857 0.00027209 0.00029807 0.00029765 
0.00026851 0.00026876 0.00029665 0.00029964 
0.00027455 0.00027506 0.00030501 0.00030695 
0.00027213 0.00027269 0.00030117 0.00030374 
0.00027689 0.00027403 0.00030395 0.00030209 
0.00027473 0.00027788 0.00030523 0.00030759 
0.00027770 0.00028017 0.00030514 0.00030910 
0.00028368 0.00028035 0.00031492 0.00031320 
0.00028389 0.00028684 0.00031830 0.00032420 
0.00028546 0.00028792 0.00031371 0.00032233 
0.00029491 0.00029943 0.00033061 0.00033155 
0.00029715 0.00029652 0.00033512 0.00032513 
0.00028740 0.00028913 0.00032440 0.00032575 
0.00028978 0.00029244 0.00032622 0.00032072 
0.00028574 0.00028801 0.00032092 0.00032150 
0.00028908 0.00028885 0.00032251 0.00032312 
0.00028730 0.00029317 0.00032458 0.00032299 
0.00028777 0.00029050 0.00032650 0.00032436 
0.00029177 0.00029127 0.00032814 0.00032376 
0.00029050 0.00029018 0.00033085 0.00032372 
0.00029379 0.00029643 0.00033533 0.00033310 
0.00030416 0.00030833 0.00034650 0.00033735 
0.00029373 0.00029580 0.00033626 0.00033417 
0.00029617 0.00029863 0.00033789 0.00033160 
0.00029748 0.00029916 0.00033557 0.00033377 
0.00030198 0.00030561 0.00034488 0.00033842 
0.00030034 0.00030083 0.00034356 0.00033624 
0.00030437 0.00030210 0.00034477 0.00033766 
0.00030582 0.00030515 0.00034658 0.00034230 
0.00030165 0.00030184 0.00034417 0.00034071 
0.00030212 0.00030781 0.00034199 0.00034128 
0.00030156 0.00031200 0.00034782 0.00034374 
0.00030165 0.00030714 0.00034330 0.00033949 
0.00032026 0.00032415 0.00035394 0.00035225 
0.00031825 0.00032076 0.00035948 0.00035529 
0.00030823 0.00030935 0.00034989 0.00034783 
0.00031008 0.00031370 0.00035535 0.00034404 
0.00031033 0.00031501 0.00035018 0.00034743 
0.00031163 0.00031395 0.00035258 0.00034971 
0.00031374 0.00031595 0.00035303 0.00035027 
0.00031432 0.00031933 0.00035894 0.00035466 
0.00031492 0.00032159 0.00035810 0.00035046 
0.00031822 0.00032212 0.00036035 0.00035269 
0.00031985 0.00032735 0.00035969 0.00035337 
0.00032446 0.00032543 0.00036269 0.00035577 
0.00032001 0.00032444 0.00036732 0.00036521 
0.00032434 0.00032897 0.00036491 0.00035975 
0.00032390 0.00033096 0.00036618 0.00036579 
0.00032479 0.00033232 0.00036736 0.00036143 
0.00032597 0.00033438 0.00036659 0.00036373 
0.00033040 0.00033595 0.00037173 0.00036544 
0.00033051 0.00033795 0.00036902 0.00036646 
0.00033141 0.00033783 0.00036787 0.00037096 
0.00033416 0.00034205 0.00037484 0.00037791 
0.00033161 0.00033764 0.00037470 0.00037163 
0.00036022 0.00035920 0.00039415 0.00039185 
0.00034040 0.00034824 0.00037801 0.00037790 
0.00034213 0.00034793 0.00038210 0.00037802 
0.00033618 0.00034790 0.00037613 0.00037698 
0.00033839 0.00034790 0.00038446 0.00037747 
0.00034026 0.00034934 0.00038249 0.00037632 
0.00034367 0.00034888 0.00038052 0.00038041 
0.00034847 0.00035016 0.00038617 0.00038739 
0.00035459 0.00035627 0.00039624 0.00039148 
0.00035356 0.00035904 0.00038858 0.00038706 
0.00035334 0.00035545 0.00038817 0.00038963 
0.00035899 0.00035705 0.00040340 0.00040312 
0.00035517 0.00035401 0.00039349 0.00039514 
0.00036344 0.00036012 0.00038723 0.00038169 
0.00036115 0.00035785 0.00040146 0.00038803 
0.00036212 0.00036136 0.00039860 0.00040455 
0.00036131 0.00036028 0.00040092 0.00040193 
0.00037268 0.00036900 0.00040879 0.00041419 
0.00037396 0.00037241 0.00041358 0.00040720 
0.00038623 0.00038088 0.00042883 0.00042669 
0.00037871 0.00037167 0.00041350 0.00041897 
0.00036743 0.00037319 0.00041095 0.00040683 
0.00037381 0.00036555 0.00040158 0.00040987 
0.00038163 0.00037218 0.00040093 0.00039704 
0.00037370 0.00036367 0.00041472 0.00040927 
0.00037406 0.00036770 0.00040818 0.00041791 
0.00036808 0.00036568 0.00041559 0.00041013 
0.00037509 0.00037069 0.00041844 0.00041512 
0.00037693 0.00037322 0.00041245 0.00041457 
0.00038038 0.00038352 0.00042185 0.00041361 
0.00037635 0.00038138 0.00041423 0.00041301 
0.00038298 0.00037650 0.00041625 0.00042296 
0.00038424 0.00038403 0.00042082 0.00041825 
0.00037896 0.00037941 0.00042245 0.00041795 
0.00038030 0.00038567 0.00042482 0.00042441 
0.00038793 0.00038059 0.00041965 0.00042080 
0.00038456 0.00037741 0.00042630 0.00042217 
0.00039145 0.00039353 0.00043371 0.00043252 
0.00040582 0.00040592 0.00045164 0.00046292 
0.00039017 0.00039126 0.00042986 0.00043074 
0.00039197 0.00038732 0.00043008 0.00043192 
0.00039605 0.00039747 0.00043720 0.00043611 
0.00039959 0.00039512 0.00043279 0.00043585 
0.00039536 0.00039193 0.00043607 0.00043497 
0.00039483 0.00039497 0.00043653 0.00043641 
0.00039778 0.00039285 0.00043626 0.00043796 
0.00039431 0.00039473 0.00044026 0.00044135 
0.00040134 0.00039544 0.00044009 0.00044677 
0.00040898 0.00040180 0.00044719 0.00044562 
0.00040476 0.00040369 0.00044576 0.00044791 
0.00040501 0.00040000 0.00044167 0.00044451 
0.00041031 0.00040534 0.00045195 0.00045378 
0.00040472 0.00040276 0.00044646 0.00044453 
0.00040546 0.00040651 0.00045420 0.00045658 
0.00040745 0.00040631 0.00045495 0.00045149 
0.00042033 0.00042277 0.00046983 0.00047105 
0.00041331 0.00040937 0.00045011 0.00045985 
0.00041109 0.00040862 0.00045231 0.00045318 
0.00041527 0.00040672 0.00045764 0.00046164 
0.00041571 0.00041462 0.00045964 0.00046131 
0.00041648 0.00041037 0.00046033 0.00046221 
0.00041652 0.00041315 0.00045486 0.00046001 
0.00042306 0.00041832 0.00046431 0.00046893 
0.00041757 0.00041480 0.00046018 0.00046633 
0.00041921 0.00042017 0.00046479 0.00047559 
0.00042004 0.00041892 0.00046421 0.00047161 
0.00042466 0.00041825 0.00046178 0.00047181 
0.00042466 0.00042385 0.00046547 0.00047403 
0.00042788 0.00042509 0.00047048 0.00047748 
0.00043156 0.00043149 0.00047499 0.00048608 
0.00042963 0.00042595 0.00047147 0.00048099 
0.00042649 0.00042671 0.00047520 0.00048173 
0.00044918 0.00044900 0.00050530 0.00050302 
0.00042973 0.00042859 0.00048079 0.00048085 
0.00043151 0.00042796 0.00047786 0.00048052 
0.00043167 0.00043225 0.00047963 0.00048523 
0.00042985 0.00043175 0.00047737 0.00048733 
0.00043284 0.00043662 0.00048506 0.00049001 
0.00043555 0.00043142 0.00048006 0.00048747 
0.00043951 0.00044106 0.00049221 0.00049315 
0.00043947 0.00043712 0.00048949 0.00049733 
0.00044300 0.00044752 0.00049707 0.00049776 
0.00044008 0.00044074 0.00049443 0.00049692 
0.00044184 0.00044026 0.00049324 0.00049298 
0.00043937 0.00044180 0.00049360 0.00050306 
0.00044111 0.00044186 0.00049316 0.00050057 
0.00044367 0.00044516 0.00050416 0.00050163 
0.00044774 0.00045471 0.00050240 0.00050599 
0.00045874 0.00045731 0.00051109 0.00050909 
0.00045125 0.00045304 0.00050233 0.00050834 
0.00044916 0.00044981 0.00050485 0.00050719 
0.00045511 0.00045520 0.00051003 0.00050615 
0.00045451 0.00044906 0.00051355 0.00050560 
0.00045577 0.00045541 0.00050591 0.00051088 
0.00045782 0.00045861 0.00051315 0.00051243 
0.00046200 0.00045928 0.00052128 0.00051499 
0.00046031 0.00045933 0.00052094 0.00051072 
0.00046101 0.00046102 0.00051482 0.00051656 
0.00045927 0.00046413 0.00051959 0.00051215 
0.00045752 0.00046142 0.00051957 0.00051700 
0.00046446 0.00046440 0.00052592 0.00052355 
0.00046258 0.00046283 0.00052512 0.00052591 
0.00047289 0.00047113 0.00052726 0.00052537 
0.00047726 0.00048092 0.00053890 0.00053212 
0.00046661 0.00046666 0.00052347 0.00052681 
0.00046890 0.00046948 0.00052530 0.00052934 
0.00047107 0.00046777 0.00052495 0.00052495 
0.00046886 0.00047165 0.00053173 0.00053086 
0.00047425 0.00047723 0.00053589 0.00053492 
0.00047815 0.00047390 0.00053419 0.00052826 
0.00048056 0.00047583 0.00054131 0.00053363 
0.00047844 0.00047677 0.00054093 0.00053252 
0.00047905 0.00047782 0.00053862 0.00053432 
0.00047912 0.00047919 0.00053811 0.00053571 
0.00048129 0.00048068 0.00054483 0.00053202 
0.00048412 0.00048440 0.00055348 0.00054123 
0.00048419 0.00048277 0.00054775 0.00053538 
0.00050566 0.00050108 0.00056828 0.00055783 
0.00049026 0.00049628 0.00056267 0.00054838 
0.00048945 0.00049131 0.00055612 0.00054784 
0.00049092 0.00048702 0.00054938 0.00054702 
0.00050403 0.00050432 0.00056253 0.00055648 
0.00049774 0.00049995 0.00056091 0.00054912 
0.00049666 0.00049379 0.00055294 0.00054819 
0.00049462 0.00049581 0.00055844 0.00054798 
0.00049921 0.00050536 0.00056826 0.00055108 
0.00050253 0.00050714 0.00056601 0.00055326 
0.00049973 0.00050030 0.00056539 0.00055193 
0.00049836 0.00049890 0.00056897 0.00055526 
0.00050095 0.00050120 0.00056707 0.00055375 
0.00050074 0.00049872 0.00056149 0.00055233 
0.00051743 0.00052565 0.00057627 0.00057278 
0.00050549 0.00050686 0.00057024 0.00055821 
0.00050779 0.00050448 0.00057331 0.00056284 
0.00050973 0.00051250 0.00057865 0.00056614 
0.00051038 0.00051451 0.00058070 0.00056578 
0.00050907 0.00051272 0.00057548 0.00056650 
0.00051914 0.00052021 0.00057243 0.00057386 
0.00051407 0.00050935 0.00058184 0.00057370 
0.00051955 0.00051722 0.00057928 0.00057809 
0.00051197 0.00051586 0.00058885 0.00058011 
0.00051288 0.00052052 0.00058484 0.00057484 
0.00051821 0.00051320 0.00058585 0.00057446 
0.00051464 0.00052372 0.00058024 0.00057272 
0.00051793 0.00052371 0.00058439 0.00057560 
0.00054152 0.00054414 0.00060115 0.00060600 
0.00052343 0.00052610 0.00058618 0.00057710 
0.00052642 0.00053129 0.00058915 0.00057901 
0.00053324 0.00053665 0.00059114 0.00058619 
0.00054109 0.00054998 0.00058587 0.00059821 
0.00053891 0.00054261 0.00059739 0.00059965 
0.00054229 0.00054468 0.00061161 0.00059843 
0.00054205 0.00054919 0.00059799 0.00059113 
0.00053372 0.00053671 0.00060137 0.00059425 
0.00053118 0.00053912 0.00059189 0.00058685 
0.00053645 0.00053900 0.00059520 0.00058873 
0.00053493 0.00053854 0.00060298 0.00059208 
0.00053721 0.00054039 0.00060346 0.00059826 
0.00055511 0.00057588 0.00061827 0.00060684 
0.00054643 0.00054822 0.00060321 0.00060027 
0.00053555 0.00055142 0.00060647 0.00059861 
0.00053145 0.00055301 0.00060756 0.00060136 
0.00054288 0.00054635 0.00060913 0.00059296 
0.00054597 0.00054816 0.00060431 0.00059945 
0.00054245 0.00054700 0.00061461 0.00060396 
0.00055043 0.00055500 0.00060621 0.00059565 
0.00054708 0.00055601 0.00061020 0.00060933 
0.00054762 0.00056070 0.00061540 0.00060329 
0.00055466 0.00056303 0.00062275 0.00061416 
0.00055002 0.00056621 0.00061920 0.00061768 
0.00056144 0.00057761 0.00062765 0.00061514 
0.00058739 0.00058006 0.00064850 0.00064825 
0.00054598 0.00056528 0.00062593 0.00061598 
0.00055406 0.00057098 0.00061982 0.00061015 
0.00055634 0.00057354 0.00061851 0.00060500 
0.00055959 0.00056901 0.00062676 0.00062786 
0.00056378 0.00056326 0.00063034 0.00061961 
0.00056506 0.00057285 0.00062115 0.00062668 
0.00056007 0.00057356 0.00062889 0.00061953 
0.00056155 0.00057408 0.00062580 0.00062042 
0.00056002 0.00057064 0.00063068 0.00062660 
0.00056944 0.00057729 0.00062953 0.00062575 
0.00057524 0.00058470 0.00063393 0.00063584 
0.00059218 0.00060678 0.00065684 0.00065265 
0.00057883 0.00058551 0.00064211 0.00064590 
0.00059773 0.00059491 0.00064738 0.00065295 
0.00058569 0.00059625 0.00064606 0.00064687 
0.00058485 0.00059725 0.00064475 0.00064509 
0.00057819 0.00058784 0.00064448 0.00063937 
0.00057745 0.00059123 0.00064745 0.00063450 
0.00058034 0.00058906 0.00064076 0.00064103 
0.00057933 0.00058644 0.00064211 0.00064289 
0.00058422 0.00059555 0.00065146 0.00064472 
0.00058738 0.00059152 0.00064918 0.00064311 
0.00058636 0.00059754 0.00064022 0.00064622 
0.00061926 0.00061994 0.00067654 0.00066873 
0.00059218 0.00059973 0.00064908 0.00065438 
0.00058427 0.00059945 0.00065208 0.00065153 
0.00059546 0.00060298 0.00065076 0.00065146 
0.00059289 0.00060294 0.00066512 0.00066159 
0.00059630 0.00060575 0.00066161 0.00065460 
0.00059802 0.00060680 0.00067004 0.00067273 
0.00059478 0.00060318 0.00065909 0.00066192 
0.00060231 0.00060256 0.00065506 0.00067217 
0.00059998 0.00060950 0.00067218 0.00065993 
0.00059378 0.00060694 0.00068007 0.00066551 
0.00060810 0.00061154 0.00066809 0.00066771 
0.00062374 0.00062728 0.00068856 0.00068710 
0.00060597 0.00061580 0.00066138 0.00066646 
0.00060478 0.00061807 0.00066787 0.00066334 
0.00060114 0.00061861 0.00067200 0.00066767 
0.00060812 0.00062229 0.00066961 0.00066977 
0.00061222 0.00062516 0.00067672 0.00067226 
0.00061353 0.00062184 0.00067707 0.00067617 
0.00061356 0.00062065 0.00067987 0.00067795 
0.00061512 0.00062577 0.00067606 0.00066779 
0.00061332 0.00062397 0.00067309 0.00067667 
0.00061491 0.00062066 0.00068792 0.00068461 
0.00063607 0.00063455 0.00070913 0.00070256 
0.00062054 0.00062304 0.00068322 0.00069301 
0.00062328 0.00063621 0.00068933 0.00068134 
0.00063573 0.00063067 0.00068385 0.00067784 
0.00061415 0.00063687 0.00069427 0.00068702 
0.00062335 0.00063576 0.00068816 0.00068306 
0.00061607 0.00063502 0.00070520 0.00069535 
0.00063165 0.00064032 0.00069188 0.00068410 
0.00063758 0.00063571 0.00069503 0.00070979 
0.00062171 0.00062371 0.00071500 0.00070878 
0.00064185 0.00065150 0.00073005 0.00072469 
0.00065256 0.00065777 0.00072264 0.00072141 
0.00064974 0.00064260 0.00070442 0.00072646 
0.00062943 0.00065374 0.00072130 0.00069373 
0.00062714 0.00063683 0.00070774 0.00070398 
0.00064938 0.00066030 0.00069563 0.00069294 
0.00064539 0.00064256 0.00070346 0.00071220 
0.00063665 0.00064494 0.00071657 0.00070852 
0.00065401 0.00066363 0.00073209 0.00072637 
0.00065789 0.00065677 0.00073314 0.00071625 
0.00065773 0.00065629 0.00072949 0.00073317 
0.00065738 0.00064984 0.00071719 0.00072410 
0.00067868 0.00067680 0.00075909 0.00075341 
0.00064096 0.00066520 0.00072048 0.00070132 
0.00066326 0.00065172 0.00071418 0.00072325 
0.00066406 0.00066527 0.00073902 0.00073112 
0.00065165 0.00066092 0.00071264 0.00071178 
0.00065005 0.00066047 0.00072180 0.00071442 
0.00066748 0.00065381 0.00072891 0.00072864 
0.00065995 0.00065865 0.00072574 0.00072416 
0.00066890 0.00066732 0.00073524 0.00072687 
0.00066869 0.00066206 0.00072119 0.00072325 
0.00066291 0.00066261 0.00072513 0.00072493 
0.00069090 0.00068270 0.00076048 0.00074269 
0.00066341 0.00066933 0.00073757 0.00072990 
0.00066928 0.00067101 0.00072673 0.00072255 
0.00067658 0.00066908 0.00073562 0.00073463 
0.00068596 0.00067999 0.00075066 0.00074574 
0.00068408 0.00067995 0.00074163 0.00074182 
0.00067576 0.00067238 0.00073445 0.00073895 
0.00067374 0.00067314 0.00073541 0.00073662 
0.00067483 0.00067412 0.00074513 0.00074400 
0.00067805 0.00067974 0.00074217 0.00074253 
0.00071177 0.00069161 0.00076942 0.00077269 
0.00068476 0.00067815 0.00074815 0.00074436 
0.00068668 0.00068118 0.00074924 0.00074119 
0.00069508 0.00068331 0.00074383 0.00074343 
0.00068978 0.00068341 0.00075356 0.00074853 
0.00069362 0.00068867 0.00075575 0.00076384 
0.00069132 0.00068981 0.00075465 0.00075308 
0.00069056 0.00068408 0.00075941 0.00075946 
0.00070182 0.00069560 0.00077039 0.00076082 
0.00069640 0.00068579 0.00075365 0.00075635 
0.00071430 0.00070416 0.00076579 0.00076082 
0.00070159 0.00070105 0.00077576 0.00077005 
0.00069847 0.00068953 0.00075735 0.00076331 
0.00069953 0.00068933 0.00076341 0.00075216 
0.00070715 0.00069401 0.00076214 0.00076510 
0.00069963 0.00069131 0.00077123 0.00076560 
0.00070087 0.00069605 0.00077268 0.00076297 
0.00070368 0.00069978 0.00077212 0.00076694 
0.00070737 0.00070042 0.00077489 0.00077498 
0.00071537 0.00070327 0.00077611 0.00077532 
0.00073142 0.00072341 0.00078084 0.00078639 
0.00072522 0.00071015 0.00079028 0.00078630 
0.00070860 0.00070404 0.00077341 0.00077249 
0.00071573 0.00070648 0.00078002 0.00077283 
0.00071441 0.00070772 0.00077884 0.00077812 
0.00071202 0.00070085 0.00078745 0.00077676 
0.00072161 0.00070833 0.00078418 0.00077512 
0.00072192 0.00071079 0.00079022 0.00078164 
0.00071618 0.00070823 0.00078442 0.00078153 
0.00072045 0.00071347 0.00078915 0.00078322 
0.00073963 0.00071735 0.00079911 0.00079555 
0.00073625 0.00072973 0.00079718 0.00078989 
0.00073178 0.00071925 0.00078617 0.00078856 
0.00073270 0.00072464 0.00079793 0.00079046 
0.00072865 0.00071992 0.00079434 0.00079730 
0.00073291 0.00071997 0.00079682 0.00079071 
0.00072608 0.00073266 0.00079121 0.00079474 
0.00073726 0.00073018 0.00080768 0.00080212 
0.00073038 0.00072921 0.00080123 0.00080029 
0.00074041 0.00072686 0.00079637 0.00080156 
0.00076565 0.00075040 0.00082689 0.00082777 
0.00073836 0.00073252 0.00079843 0.00080758 
0.00074930 0.00073648 0.00081100 0.00080505 
0.00073950 0.00072606 0.00080496 0.00080306 
0.00075411 0.00073202 0.00081683 0.00081081 
0.00074648 0.00073865 0.00081143 0.00080159 
0.00075202 0.00073250 0.00081262 0.00080132 
0.00074266 0.00073285 0.00080709 0.00080260 
0.00075380 0.00073747 0.00081047 0.00081395 
0.00074645 0.00073909 0.00081458 0.00081139 
0.00076641 0.00075111 0.00084482 0.00083220 
0.00074428 0.00075393 0.00081286 0.00082134 
0.00076061 0.00073332 0.00082566 0.00081074 
0.00075184 0.00074950 0.00082315 0.00081903 
0.00074595 0.00075896 0.00082066 0.00082367 
0.00076251 0.00074622 0.00083429 0.00081974 
0.00076683 0.00076039 0.00084860 0.00084257 
0.00077780 0.00076046 0.00083124 0.00083817 
0.00075781 0.00075105 0.00082227 0.00083841 
0.00078300 0.00077350 0.00086062 0.00085072 
0.00077982 0.00077159 0.00085374 0.00086019 
0.00075855 0.00076677 0.00083293 0.00083251 
0.00076326 0.00075466 0.00083454 0.00083253 
0.00076044 0.00076352 0.00083471 0.00083632 
0.00078145 0.00076923 0.00084059 0.00084423 
0.00077603 0.00076202 0.00083585 0.00083525 
0.00076982 0.00076742 0.00082877 0.00083706 
0.00077078 0.00075867 0.00084726 0.00085045 
0.00078131 0.00078933 0.00084740 0.00084474 
0.00078775 0.00078007 0.00086459 0.00086620 
0.00077496 0.00076680 0.00084285 0.00084676 
0.00077786 0.00076604 0.00084986 0.00084847 
0.00077862 0.00077094 0.00085045 0.00084719 
0.00078088 0.00077133 0.00084885 0.00085523 
0.00078880 0.00077545 0.00084917 0.00085001 
0.00078942 0.00077863 0.00086636 0.00086898 
0.00079332 0.00077445 0.00086102 0.00086515 
0.00079483 0.00078193 0.00086171 0.00087270 
0.00080782 0.00078787 0.00087305 0.00089178 
0.00079122 0.00078171 0.00085753 0.00086456 
0.00079360 0.00078280 0.00086819 0.00086216 
0.00079296 0.00078605 0.00085446 0.00085647 
0.00079662 0.00078307 0.00086438 0.00085989 
0.00079951 0.00078991 0.00086856 0.00086645 
0.00080205 0.00078755 0.00087436 0.00087419 
0.00080186 0.00078444 0.00086042 0.00086132 
0.00080245 0.00079565 0.00087913 0.00087239 
0.00080316 0.00081397 0.00089307 0.00089622 
0.00079637 0.00078890 0.00087376 0.00087715 
0.00080105 0.00079356 0.00087599 0.00087164 
0.00081127 0.00079961 0.00088153 0.00087864 
0.00080583 0.00079150 0.00087395 0.00087750 
0.00081135 0.00079690 0.00088449 0.00088503 
0.00081169 0.00080199 0.00087794 0.00088255 
0.00080883 0.00080678 0.00087590 0.00088586 
0.00082800 0.00081967 0.00089042 0.00089541 
0.00081777 0.00080404 0.00089260 0.00091272 
0.00081435 0.00080532 0.00088721 0.00088719 
0.00082129 0.00080489 0.00089254 0.00089889 
0.00082258 0.00080685 0.00088624 0.00089567 
0.00082430 0.00079827 0.00089365 0.00089435 
0.00081630 0.00082133 0.00090294 0.00089688 
0.00082615 0.00082297 0.00092636 0.00091607 
0.00083010 0.00081019 0.00089656 0.00089942 
0.00084120 0.00083671 0.00091205 0.00092808 
0.00082836 0.00081170 0.00090181 0.00089909 
0.00082238 0.00081493 0.00089972 0.00090190 
0.00082362 0.00081579 0.00090014 0.00090394 
0.00083196 0.00082854 0.00091650 0.00091017 
0.00083935 0.00083187 0.00090973 0.00091981 
0.00082747 0.00083439 0.00092459 0.00092691 
0.00084151 0.00083492 0.00091423 0.00092192 
0.00086677 0.00086506 0.00093019 0.00094564 
0.00086836 0.00086378 0.00093481 0.00095447 
0.00084279 0.00082782 0.00091230 0.00094010 
0.00083927 0.00083210 0.00093195 0.00092482 
0.00084015 0.00082917 0.00091844 0.00092201 
0.00084301 0.00084390 0.00091797 0.00091699 
0.00085153 0.00084149 0.00091249 0.00092155 
0.00084182 0.00082973 0.00092183 0.00093222 
0.00084219 0.00084756 0.00092873 0.00092042 
0.00087297 0.00086886 0.00094083 0.00095543 
0.00083740 0.00083791 0.00094590 0.00094221 
0.00083785 0.00084296 0.00093749 0.00093751 
0.00084812 0.00084128 0.00091871 0.00092817 
0.00084996 0.00084080 0.00092758 0.00093711 
0.00084657 0.00085335 0.00093854 0.00094088 
0.00085403 0.00085041 0.00094384 0.00095588 
0.00085144 0.00084232 0.00093595 0.00094273 
0.00086684 0.00087037 0.00095650 0.00098894 
0.00085345 0.00085622 0.00094663 0.00095102 
0.00085070 0.00085365 0.00094102 0.00095675 
0.00086101 0.00085651 0.00093633 0.00094413 
0.00086148 0.00086168 0.00093602 0.00095500 
0.00086294 0.00087186 0.00094240 0.00095017 
0.00085504 0.00085690 0.00094930 0.00096679 
0.00087419 0.00087055 0.00093479 0.00095922 
0.00087866 0.00087903 0.00095577 0.00096108 
0.00087496 0.00087630 0.00095811 0.00096247 
0.00086920 0.00086990 0.00095719 0.00096754 
0.00087316 0.00087055 0.00095462 0.00096406 
0.00086981 0.00088764 0.00095690 0.00095928 
0.00086458 0.00087455 0.00096225 0.00096656 
0.00086172 0.00087169 0.00096806 0.00097064 
0.00086631 0.00086716 0.00096184 0.00097506 
0.00087223 0.00086827 0.00096840 0.00098767 
0.00090160 0.00087966 0.00096985 0.00100105 
0.00087772 0.00089395 0.00096488 0.00097090 
0.00088797 0.00085445 0.00094221 0.00099567 
0.00090317 0.00090774 0.00096805 0.00099417 
0.00089417 0.00087229 0.00096744 0.00101011 
0.00088293 0.00089217 0.00097557 0.00098128 
0.00087306 0.00090060 0.00098978 0.00097186 
0.00091523 0.00090297 0.00098360 0.00100303 
0.00090373 0.00090156 0.00098661 0.00101882 
0.00089513 0.00089912 0.00096303 0.00097952 
0.00090211 0.00087988 0.00096669 0.00100686 
0.00092261 0.00089253 0.00095166 0.00100459 
0.00087722 0.00086781 0.00099484 0.00102588 
0.00087033 0.00087127 0.00099964 0.00101400 
0.00088730 0.00088781 0.00098517 0.00099623 
0.00091742 0.00092705 0.00101845 0.00102843 
0.00090568 0.00091489 0.00097440 0.00099044 
0.00091057 0.00088977 0.00097970 0.00101422 
0.00091821 0.00091335 0.00096905 0.00099257 
0.00091309 0.00091364 0.00098741 0.00100546 
0.00091361 0.00090058 0.00097521 0.00101281 
0.00091550 0.00089710 0.00098550 0.00102367 
0.00090614 0.00091311 0.00098204 0.00099999 
0.00094708 0.00094214 0.00101254 0.00103542 
0.00091943 0.00091648 0.00100223 0.00101999 
0.00092377 0.00093343 0.00101351 0.00103625 
0.00093852 0.00093407 0.00102266 0.00103858 
0.00092228 0.00091413 0.00100611 0.00102347 
0.00091537 0.00090418 0.00099062 0.00102781 
0.00092203 0.00091229 0.00099595 0.00102392 
0.00091851 0.00092043 0.00099895 0.00102377 
0.00092409 0.00094027 0.00101895 0.00102472 
0.00092483 0.00092254 0.00100994 0.00104105 
0.00092380 0.00091426 0.00100036 0.00103429 
0.00091811 0.00092312 0.00101082 0.00103627 
0.00092128 0.00092119 0.00100878 0.00102368 
0.00092571 0.00092037 0.00100259 0.00104487 
0.00092379 0.00092387 0.00101113 0.00103140 
0.00094431 0.00093546 0.00103462 0.00106240 
0.00092337 0.00093332 0.00101268 0.00103781 
0.00093390 0.00093259 0.00101567 0.00104734 
0.00093120 0.00093060 0.00101963 0.00104086 
0.00093360 0.00092683 0.00102033 0.00104864 
0.00093651 0.00092895 0.00101242 0.00103968 
0.00093205 0.00093267 0.00102726 0.00104857 
0.00093965 0.00093384 0.00102901 0.00106585 
0.00096823 0.00097286 0.00107424 0.00108259 
0.00093853 0.00093699 0.00103327 0.00105856 
0.00093600 0.00094409 0.00102526 0.00104997 
0.00093624 0.00093749 0.00103231 0.00105903 
0.00094128 0.00093698 0.00102543 0.00104963 
0.00094653 0.00093836 0.00103175 0.00105858 
0.00094768 0.00094809 0.00103939 0.00105739 
0.00095998 0.00097175 0.00106038 0.00108275 
0.00095375 0.00095196 0.00104187 0.00106079 
0.00095174 0.00095012 0.00103918 0.00105549 
0.00095632 0.00096593 0.00103827 0.00106345 
0.00095906 0.00095207 0.00104220 0.00107386 
0.00095725 0.00095186 0.00104198 0.00106178 
0.00096077 0.00095358 0.00104041 0.00107354 
0.00097238 0.00096787 0.00104408 0.00107597 
0.00096851 0.00096638 0.00105861 0.00108093 
0.00098326 0.00098210 0.00107827 0.00109281 
0.00098968 0.00098863 0.00108605 0.00110977 
0.00097235 0.00096325 0.00104456 0.00107563 
0.00096762 0.00095960 0.00104607 0.00106874 
0.00096043 0.00096758 0.00104953 0.00107887 
0.00096626 0.00097047 0.00105332 0.00107898 
0.00098234 0.00098414 0.00108461 0.00108954 
0.00096755 0.00096777 0.00105927 0.00108963 
0.00097679 0.00096802 0.00105890 0.00109811 
0.00097113 0.00097211 0.00106520 0.00108863 
0.00098210 0.00096834 0.00105624 0.00109114 
0.00098100 0.00097648 0.00106819 0.00109444 
0.00097869 0.00096947 0.00106310 0.00109609 
0.00099689 0.00100072 0.00109808 0.00111019 
0.00097374 0.00097088 0.00106955 0.00109241 
0.00098316 0.00097918 0.00106721 0.00108972 
0.00097869 0.00097105 0.00106657 0.00110132 
0.00098653 0.00097843 0.00106630 0.00109436 
0.00100141 0.00098833 0.00108233 0.00111765 
0.00099319 0.00098675 0.00108884 0.00110866 
0.00099973 0.00098970 0.00110462 0.00113558 
0.00099023 0.00097907 0.00107869 0.00110881 
0.00098313 0.00098975 0.00108159 0.00112141 
0.00099944 0.00099049 0.00108665 0.00111692 
0.00100037 0.00099041 0.00109033 0.00111320 
0.00099239 0.00099948 0.00109135 0.00112423 
0.00100304 0.00100959 0.00107735 0.00111567 
0.00102151 0.00101582 0.00111103 0.00113137 
0.00100290 0.00099482 0.00108922 0.00112248 
0.00100950 0.00100644 0.00109990 0.00112197 
0.00100464 0.00100396 0.00109140 0.00112430 
0.00101138 0.00100126 0.00109131 0.00113146 
0.00100050 0.00100366 0.00108719 0.00110972 
0.00101514 0.00101358 0.00110066 0.00111514 
0.00103163 0.00102118 0.00111526 0.00113595 
0.00101761 0.00100723 0.00110030 0.00113408 
0.00100468 0.00100608 0.00109850 0.00113102 
0.00100998 0.00100889 0.00110195 0.00113942 
0.00101715 0.00101085 0.00110738 0.00112436 
0.00101620 0.00100346 0.00110573 0.00114544 
0.00103053 0.00101465 0.00111521 0.00113910 
0.00102717 0.00103276 0.00114886 0.00115898 
0.00101973 0.00101818 0.00110677 0.00114559 
0.00103188 0.00101582 0.00110291 0.00114082 
0.00105073 0.00102832 0.00113693 0.00115176 
0.00103236 0.00101553 0.00112146 0.00115050 
0.00102375 0.00102633 0.00111193 0.00114046 
0.00102372 0.00101755 0.00111428 0.00114235 
0.00104961 0.00105453 0.00116680 0.00117048 
0.00102509 0.00102100 0.00111199 0.00113998 
0.00103534 0.00102682 0.00112139 0.00116030 
0.00104413 0.00103354 0.00115075 0.00117654 
0.00104109 0.00102775 0.00113429 0.00116456 
0.00104920 0.00103605 0.00112701 0.00116329 
0.00104588 0.00103996 0.00115935 0.00117722 
0.00104935 0.00106253 0.00115165 0.00117393 
0.00104378 0.00103307 0.00112444 0.00115758 
0.00104806 0.00103123 0.00113467 0.00116211 
0.00104168 0.00103907 0.00113089 0.00115902 
0.00104525 0.00104008 0.00113993 0.00117459 
0.00103797 0.00103674 0.00114102 0.00115799 
0.00106054 0.00104672 0.00116223 0.00117473 
0.00104700 0.00105395 0.00114938 0.00117415 
0.00105548 0.00104560 0.00115253 0.00117759 
0.00105324 0.00104446 0.00114799 0.00116821 
0.00106331 0.00105024 0.00114365 0.00115789 
0.00105225 0.00105638 0.00115211 0.00117365 
0.00105383 0.00104511 0.00114081 0.00116495 
0.00107102 0.00105893 0.00117265 0.00118228 
0.00106207 0.00104936 0.00115538 0.00117649 
0.00107163 0.00105563 0.00115299 0.00117681 
0.00108443 0.00105940 0.00115519 0.00117522 
0.00105933 0.00105093 0.00115679 0.00117902 
0.00106162 0.00105337 0.00115497 0.00118076 
0.00106995 0.00106339 0.00116359 0.00118410 
0.00108089 0.00107728 0.00117418 0.00120788 
0.00105624 0.00105145 0.00119756 0.00122313 
0.00108955 0.00106804 0.00116053 0.00119986 
0.00106351 0.00105953 0.00117117 0.00119534 
0.00107001 0.00106233 0.00116194 0.00119745 
0.00107665 0.00107214 0.00118468 0.00120998 
0.00108297 0.00108447 0.00118417 0.00119509 
0.00108628 0.00106927 0.00117052 0.00119368 
0.00106753 0.00106387 0.00116801 0.00118986 
0.00107378 0.00106496 0.00116860 0.00119675 
0.00108820 0.00107052 0.00115957 0.00119396 
0.00107195 0.00107455 0.00117554 0.00119711 
0.00109667 0.00108286 0.00118631 0.00120698 
0.00109857 0.00109483 0.00121694 0.00122541 
0.00109336 0.00107024 0.00118171 0.00120495 
0.00108357 0.00107999 0.00118960 0.00120330 
0.00109143 0.00106820 0.00118683 0.00122829 
0.00109134 0.00108080 0.00117871 0.00120256 
0.00109117 0.00108243 0.00118513 0.00120397 
0.00110164 0.00111557 0.00121003 0.00121575 
0.00109979 0.00109276 0.00120494 0.00120755 
0.00109463 0.00108223 0.00119791 0.00120817 
0.00109978 0.00108322 0.00120018 0.00121911 
0.00108691 0.00109501 0.00120112 0.00120907 
0.00109569 0.00109272 0.00120106 0.00121932 
0.00109419 0.00109183 0.00120202 0.00121856 
0.00112396 0.00111200 0.00123547 0.00124176 
0.00109846 0.00109131 0.00120731 0.00122237 
0.00111362 0.00110532 0.00120825 0.00122745 
0.00110348 0.00111768 0.00124090 0.00122010 
0.00110389 0.00109432 0.00120936 0.00121718 
0.00110323 0.00108272 0.00121107 0.00123717 
0.00114034 0.00111071 0.00124050 0.00126319 
0.00111348 0.00110150 0.00120610 0.00122801 
0.00110191 0.00110319 0.00122197 0.00122636 
0.00113086 0.00110178 0.00120154 0.00122501 
0.00110995 0.00111415 0.00122060 0.00122005 
0.00114175 0.00112234 0.00121346 0.00120943 
0.00112601 0.00111918 0.00122847 0.00124086 
0.00112553 0.00110418 0.00126397 0.00125897 
0.00111076 0.00111232 0.00123944 0.00123499 
0.00110478 0.00111402 0.00124285 0.00125233 
0.00109954 0.00111236 0.00123376 0.00125315 
0.00111627 0.00110070 0.00124594 0.00125890 
0.00113468 0.00113219 0.00123049 0.00124769 
0.00114814 0.00112570 0.00125926 0.00126710 
0.00111586 0.00110130 0.00124224 0.00125157 
0.00112495 0.00112286 0.00123685 0.00125067 
0.00113079 0.00111532 0.00124929 0.00124677 
0.00112707 0.00112421 0.00125638 0.00124929 
0.00114711 0.00112788 0.00123271 0.00124874 
0.00115034 0.00114004 0.00126333 0.00127997 
0.00113998 0.00111026 0.00124155 0.00126722 
0.00112095 0.00112276 0.00125263 0.00125180 
0.00113368 0.00112346 0.00126071 0.00126536 
0.00114066 0.00113287 0.00124650 0.00126885 
0.00115695 0.00114774 0.00126691 0.00125998 
0.00115897 0.00113336 0.00127479 0.00128096 
0.00116037 0.00112549 0.00123698 0.00126427 
0.00113754 0.00113894 0.00126620 0.00125898 
0.00114690 0.00113466 0.00126572 0.00127271 
0.00116788 0.00115639 0.00129501 0.00128681 
0.00115743 0.00114331 0.00127274 0.00126314 
0.00116969 0.00115965 0.00129152 0.00128831 
0.00117538 0.00116079 0.00126808 0.00127639 
0.00115725 0.00114320 0.00127456 0.00126846 
0.00115353 0.00114657 0.00128643 0.00127387 
0.00115734 0.00115217 0.00127537 0.00127394 
0.00115831 0.00115318 0.00127680 0.00127684 
0.00115410 0.00115083 0.00127353 0.00127445 
0.00118304 0.00116844 0.00129908 0.00130330 
0.00116806 0.00114984 0.00127746 0.00127875 
0.00115873 0.00115263 0.00127496 0.00128067 
0.00116661 0.00116002 0.00128307 0.00128569 
0.00116258 0.00115345 0.00127742 0.00127858 
0.00118325 0.00115496 0.00128466 0.00128126 
0.00117490 0.00116513 0.00130650 0.00129480 
0.00116848 0.00115970 0.00128320 0.00129385 
0.00117690 0.00116247 0.00129420 0.00129514 
0.00117324 0.00116723 0.00130725 0.00130082 
0.00117181 0.00116051 0.00130000 0.00129973 
0.00117300 0.00116508 0.00129996 0.00130027 
0.00118635 0.00118077 0.00131653 0.00131468 
0.00117318 0.00116499 0.00131723 0.00131110 
0.00117692 0.00116049 0.00130202 0.00129178 
0.00117155 0.00116417 0.00129702 0.00130169 
0.00118243 0.00116845 0.00129862 0.00129118 
0.00117924 0.00117889 0.00129656 0.00131182 
0.00120186 0.00119739 0.00132736 0.00133558 
0.00117946 0.00117181 0.00131202 0.00131008 
0.00118893 0.00118354 0.00130689 0.00131183 
0.00118090 0.00118116 0.00132123 0.00130805 
0.00120296 0.00117813 0.00130789 0.00130595 
0.00119191 0.00118331 0.00132237 0.00131723 
0.00119953 0.00120711 0.00133292 0.00134377 
0.00119315 0.00118124 0.00132440 0.00132211 
0.00118780 0.00117039 0.00130159 0.00130615 
0.00113092 0.00113092 0.00124364 0.00124469 
0.00113786 0.00113182 0.00124870 0.00125085 
0.00113430 0.00113275 0.00124408 0.00124585 
0.00114873 0.00114144 0.00125579 0.00125866 
0.00113883 0.00115826 0.00126615 0.00125113 
0.00113703 0.00114283 0.00126807 0.00125193 
0.00114021 0.00113856 0.00125477 0.00125402 
0.00115167 0.00114889 0.00127453 0.00127181 
0.00114764 0.00114400 0.00126459 0.00125721 
0.00114618 0.00114515 0.00126156 0.00125703 
0.00114410 0.00114409 0.00126162 0.00125940 
0.00114532 0.00115058 0.00126293 0.00125787 
0.00114836 0.00114851 0.00126381 0.00126212 
0.00114664 0.00114722 0.00126048 0.00125850 
0.00116291 0.00115996 0.00126498 0.00127275 
0.00114988 0.00115645 0.00126986 0.00126676 
0.00115323 0.00115345 0.00125679 0.00125348 
0.00115364 0.00115264 0.00126494 0.00126806 
0.00115446 0.00115729 0.00125750 0.00125646 
0.00117302 0.00118125 0.00129485 0.00128493 
0.00115498 0.00115692 0.00127112 0.00126972 
0.00115918 0.00115817 0.00126819 0.00126885 
0.00116742 0.00116045 0.00127724 0.00128302 
0.00116115 0.00116278 0.00128263 0.00127563 
0.00116339 0.00116379 0.00127152 0.00127183 
0.00116247 0.00116408 0.00127690 0.00127660 
0.00117959 0.00118183 0.00128238 0.00128579 
0.00117030 0.00116668 0.00127499 0.00127266 
0.00116894 0.00116891 0.00128242 0.00128153 
0.00117132 0.00117588 0.00128451 0.00127948 
0.00117206 0.00116916 0.00127747 0.00127943 
0.00117886 0.00117515 0.00128939 0.00128548 
0.00117671 0.00117418 0.00129084 0.00128502 
0.00117426 0.00117406 0.00128563 0.00128675 
0.00117494 0.00117392 0.00129025 0.00129019 
0.00117689 0.00118593 0.00129214 0.00128924 
0.00120309 0.00119414 0.00130452 0.00130517 
0.00118482 0.00118356 0.00129511 0.00129326 
0.00118125 0.00117885 0.00128705 0.00128588 
0.00118404 0.00118429 0.00130138 0.00129795 
0.00118147 0.00118498 0.00129182 0.00129481 
0.00118430 0.00118494 0.00129543 0.00129496 
0.00119161 0.00119071 0.00129614 0.00129870 
0.00118679 0.00118561 0.00129345 0.00129440 
0.00119079 0.00118706 0.00130749 0.00130751 
0.00118886 0.00118853 0.00130285 0.00130444 
0.00119162 0.00119430 0.00130301 0.00129799 
0.00119466 0.00119520 0.00130933 0.00130979 
0.00119344 0.00119219 0.00131140 0.00131025 
0.00119440 0.00119586 0.00131360 0.00131200 
0.00120205 0.00120096 0.00131175 0.00131052 
0.00120266 0.00120010 0.00130994 0.00130701 
0.00119710 0.00120523 0.00131617 0.00131455 
0.00119884 0.00119940 0.00130694 0.00130801 
0.00120159 0.00120420 0.00132051 0.00131844 
0.00120350 0.00120251 0.00132195 0.00132557 
0.00120315 0.00120470 0.00131594 0.00131647 
0.00120818 0.00120425 0.00131574 0.00131866 
0.00121471 0.00121300 0.00132172 0.00132022 
0.00121825 0.00121611 0.00133633 0.00133149 
0.00120961 0.00120983 0.00132736 0.00132595 
0.00121389 0.00121098 0.00132703 0.00132714 
0.00121569 0.00121652 0.00132691 0.00132889 
0.00121679 0.00121486 0.00133186 0.00133120 
0.00121615 0.00121475 0.00132882 0.00132860 
0.00121728 0.00121821 0.00133385 0.00133068 
0.00122773 0.00122585 0.00134453 0.00134733 
0.00122301 0.00122126 0.00133987 0.00133651 
0.00124868 0.00124512 0.00136512 0.00135516 
0.00131017 0.00130273 0.00143619 0.00143358 
0.00130232 0.00129356 0.00144135 0.00143010 
0.00133571 0.00134477 0.00148260 0.00147608 
0.00134020 0.00135280 0.00149112 0.00147433 
0.00132443 0.00132374 0.00147358 0.00145648 
0.00129504 0.00130248 0.00144136 0.00142404 
0.00130108 0.00129015 0.00144146 0.00141375 
0.00137695 0.00136442 0.00153096 0.00152201 
0.00127465 0.00127138 0.00140058 0.00139404 
0.00130801 0.00131822 0.00144340 0.00143569 
0.00132594 0.00131866 0.00144055 0.00143941 
0.00133793 0.00134853 0.00148092 0.00145852 
0.00127595 0.00126959 0.00142243 0.00140652 
0.00125993 0.00126912 0.00139946 0.00138243 
0.00125779 0.00124888 0.00137595 0.00136775 
0.00125302 0.00125507 0.00137618 0.00136545 
0.00125457 0.00125817 0.00138124 0.00137148 
0.00129475 0.00128795 0.00143909 0.00142617 
0.00125995 0.00125950 0.00138976 0.00138038 
0.00125085 0.00125548 0.00138033 0.00136919 
0.00127022 0.00126976 0.00139958 0.00138780 
0.00125829 0.00126257 0.00139234 0.00137776 
0.00125611 0.00125541 0.00137191 0.00137214 
0.00127000 0.00126853 0.00138071 0.00138339 
0.00127685 0.00127854 0.00139333 0.00139386 
0.00125597 0.00125357 0.00137239 0.00137275 
0.00125678 0.00125406 0.00137244 0.00137285 
0.00127344 0.00127217 0.00139202 0.00139115 
0.00145332 0.00145255 0.00160394 0.00161523 
0.00140656 0.00140369 0.00153090 0.00152371 
0.00132856 0.00133077 0.00145769 0.00145636 
0.00129933 0.00129668 0.00141912 0.00142095 
0.00126913 0.00127496 0.00139097 0.00139080 
0.00128303 0.00129483 0.00140084 0.00140470 
0.00126903 0.00126832 0.00138847 0.00138897 
0.00126897 0.00126800 0.00138236 0.00138461 
0.00128960 0.00128714 0.00139920 0.00139768 
0.00127309 0.00127498 0.00138766 0.00138879 
0.00127372 0.00127718 0.00139086 0.00139787 
0.00127048 0.00127414 0.00138859 0.00139011 
0.00127764 0.00127737 0.00140070 0.00139678 
0.00127630 0.00127935 0.00139832 0.00139575 
0.00128138 0.00128479 0.00140088 0.00140081 
0.00128249 0.00127932 0.00139993 0.00139933 
0.00128079 0.00128170 0.00140229 0.00140354 
0.00127986 0.00128011 0.00139404 0.00139425 
0.00130640 0.00130772 0.00142385 0.00142597 
0.00129986 0.00130446 0.00141517 0.00141680 
0.00130437 0.00130949 0.00143038 0.00142567 
0.00129205 0.00128723 0.00140301 0.00140416 
0.00132787 0.00132814 0.00145299 0.00145572 
0.00132626 0.00132703 0.00145755 0.00146133 
0.00129606 0.00129064 0.00140842 0.00140615 
0.00129324 0.00129193 0.00140844 0.00140784 
0.00129602 0.00129703 0.00141160 0.00141607 
0.00129479 0.00129594 0.00142127 0.00141965 
0.00129443 0.00129659 0.00140992 0.00140951 
0.00129564 0.00129654 0.00141811 0.00141695 
0.00130819 0.00131049 0.00143532 0.00143737 
0.00130040 0.00130235 0.00142379 0.00142711 
0.00130120 0.00129943 0.00142002 0.00141986 
0.00130002 0.00130407 0.00142449 0.00142228 
0.00131138 0.00130935 0.00143239 0.00143410 
0.00130221 0.00130551 0.00142849 0.00142910 
0.00130591 0.00130573 0.00142886 0.00143136 
0.00131347 0.00131086 0.00143286 0.00143026 
0.00131192 0.00130907 0.00143816 0.00144035 
0.00130676 0.00131009 0.00143209 0.00143130 
0.00131381 0.00131406 0.00143429 0.00143425 
0.00132070 0.00131447 0.00144478 0.00144796 
0.00132083 0.00131544 0.00143662 0.00143497 
0.00132095 0.00131644 0.00144291 0.00144481 
0.00131901 0.00132172 0.00144040 0.00144253 
0.00132744 0.00132325 0.00145203 0.00144749 
0.00132288 0.00131890 0.00144022 0.00144044 
0.00132328 0.00132530 0.00145936 0.00145201 
0.00132284 0.00132388 0.00144641 0.00144643 
0.00132568 0.00132459 0.00144477 0.00144888 
0.00132407 0.00132384 0.00144915 0.00144843 
0.00132832 0.00132704 0.00144979 0.00144959 
0.00132887 0.00133713 0.00147088 0.00146647 
0.00133347 0.00132861 0.00145451 0.00145827 
0.00133000 0.00133023 0.00144952 0.00144954 
0.00133822 0.00133359 0.00145818 0.00146179 
0.00133866 0.00133821 0.00146048 0.00145940 
0.00133244 0.00133368 0.00145359 0.00145366 
0.00135097 0.00134785 0.00147023 0.00147504 
0.00133732 0.00134153 0.00146111 0.00146224 
0.00133921 0.00134069 0.00147002 0.00146787 
0.00134391 0.00133907 0.00145849 0.00146122 
0.00134456 0.00134737 0.00147995 0.00147842 
0.00134947 0.00134507 0.00147188 0.00147252 
0.00134204 0.00134617 0.00146596 0.00146237 
0.00135101 0.00135049 0.00147724 0.00147314 
0.00135026 0.00134595 0.00147555 0.00147747 
0.00135080 0.00134879 0.00147055 0.00146849 
0.00134895 0.00134901 0.00148067 0.00148133 
0.00137290 0.00136963 0.00150082 0.00150314 
0.00134869 0.00135175 0.00147918 0.00147880 
0.00136159 0.00135570 0.00148774 0.00148377 
0.00136046 0.00135713 0.00148646 0.00148284 
0.00135699 0.00136324 0.00149191 0.00149142 
0.00136607 0.00136422 0.00149225 0.00148805 
0.00135987 0.00135915 0.00148493 0.00148431 
0.00135996 0.00135909 0.00148543 0.00148738 
0.00136063 0.00136412 0.00148656 0.00148757 
0.00135808 0.00136178 0.00148639 0.00148772 
0.00136433 0.00136584 0.00149135 0.00149354 
0.00136800 0.00136988 0.00149061 0.00149143 
0.00136571 0.00136588 0.00148898 0.00149243 
0.00136925 0.00136711 0.00149610 0.00149676 
0.00137558 0.00137453 0.00150295 0.00149820 
0.00137058 0.00137374 0.00149767 0.00149597 
0.00137373 0.00137280 0.00149911 0.00149782 
0.00138486 0.00138314 0.00150580 0.00150986 
0.00139650 0.00139123 0.00151608 0.00152828 
0.00137396 0.00137440 0.00149538 0.00150073 
0.00138166 0.00138351 0.00151354 0.00151205 
0.00140954 0.00139636 0.00152028 0.00151615 
0.00138531 0.00137970 0.00151085 0.00151076 
0.00138294 0.00138352 0.00151544 0.00151583 
0.00138465 0.00138438 0.00151307 0.00151994 
0.00138957 0.00139070 0.00152097 0.00152230 
0.00139394 0.00139285 0.00153282 0.00152771 
0.00138737 0.00138858 0.00151814 0.00151892 
0.00138509 0.00138981 0.00151154 0.00151214 
0.00139498 0.00139377 0.00152446 0.00152511 
0.00139874 0.00139149 0.00152050 0.00152808 
0.00139705 0.00139435 0.00152266 0.00152238 
0.00141086 0.00141081 0.00153081 0.00153475 
0.00140318 0.00140351 0.00152729 0.00152574 
0.00141918 0.00141297 0.00155071 0.00154965 
0.00140277 0.00140017 0.00152914 0.00152811 
0.00140634 0.00140512 0.00153427 0.00154036 
0.00142258 0.00142286 0.00154709 0.00155002 
0.00140866 0.00140475 0.00153689 0.00154059 
0.00140331 0.00140202 0.00153098 0.00153225 
0.00141793 0.00141274 0.00154653 0.00154366 
0.00140436 0.00141045 0.00154715 0.00154185 
0.00144450 0.00144401 0.00158979 0.00159410 
0.00143895 0.00143551 0.00156906 0.00157520 
0.00147826 0.00148018 0.00160689 0.00162541 
0.00147879 0.00146788 0.00159571 0.00159390 
0.00147115 0.00146688 0.00162732 0.00162030 
0.00144247 0.00144648 0.00157375 0.00157132 
0.00141885 0.00142094 0.00155540 0.00154903 
0.00142321 0.00142542 0.00155822 0.00155342 
0.00142680 0.00142361 0.00156300 0.00156410 
0.00142302 0.00142816 0.00156059 0.00155771 
0.00142692 0.00142989 0.00156679 0.00156439 
0.00142923 0.00143372 0.00156771 0.00156227 
0.00146096 0.00146862 0.00160499 0.00160386 
0.00147371 0.00148017 0.00160783 0.00161158 
0.00143330 0.00143043 0.00155885 0.00155950 
0.00143080 0.00143348 0.00156665 0.00156897 
0.00143186 0.00143351 0.00156823 0.00156202 
0.00143173 0.00143837 0.00156764 0.00156068 
0.00145517 0.00145022 0.00158072 0.00158152 
0.00144463 0.00145066 0.00157920 0.00157922 
0.00144389 0.00144142 0.00157296 0.00157506 
0.00144562 0.00144479 0.00157681 0.00157894 
0.00144017 0.00143893 0.00157862 0.00157649 
0.00144371 0.00144794 0.00157648 0.00157674 
0.00150000 0.00150407 0.00164472 0.00165483 
0.00156872 0.00156595 0.00169876 0.00171356 
0.00150799 0.00152196 0.00165399 0.00163369 
0.00144854 0.00144568 0.00158123 0.00158366 
0.00144696 0.00144915 0.00157536 0.00157785 
0.00144821 0.00145156 0.00158866 0.00158806 
0.00151308 0.00152062 0.00166806 0.00166562 
0.00148328 0.00148505 0.00163134 0.00162704 
0.00146183 0.00146252 0.00159632 0.00159784 
0.00145203 0.00145027 0.00158260 0.00158287 
0.00145480 0.00146155 0.00158816 0.00159379 
0.00145849 0.00146107 0.00158938 0.00158254 
0.00146095 0.00146256 0.00159491 0.00159720 
0.00145822 0.00146459 0.00159984 0.00159728 
0.00146047 0.00145782 0.00159556 0.00159202 
0.00146328 0.00146421 0.00160287 0.00160354 
0.00146722 0.00146510 0.00159937 0.00159946 
0.00147611 0.00148475 0.00161565 0.00161190 
0.00146900 0.00146727 0.00160376 0.00160408 
0.00148051 0.00147161 0.00161663 0.00161983 
0.00147251 0.00146943 0.00159981 0.00160898 
0.00146866 0.00147007 0.00161259 0.00161066 
0.00146603 0.00146867 0.00159803 0.00159628 
0.00147234 0.00147014 0.00160598 0.00160698 
0.00148544 0.00148220 0.00162453 0.00162074 
0.00147973 0.00147361 0.00161471 0.00161370 
0.00147007 0.00147305 0.00159824 0.00159808 
0.00149233 0.00149133 0.00163245 0.00163266 
0.00148473 0.00148550 0.00162262 0.00161748 
0.00148378 0.00148690 0.00162530 0.00162719 
0.00147754 0.00148584 0.00161790 0.00161830 
0.00148435 0.00148017 0.00162347 0.00162598 
0.00149084 0.00149087 0.00161891 0.00161774 
0.00148964 0.00148676 0.00162932 0.00162319 
0.00149075 0.00148874 0.00161896 0.00161833 
0.00148717 0.00149011 0.00162890 0.00162831 
0.00148971 0.00149292 0.00163570 0.00164175 
0.00149507 0.00149036 0.00162002 0.00161730 
0.00149355 0.00149118 0.00162327 0.00162656 
0.00149534 0.00149714 0.00163878 0.00163867 
0.00149347 0.00149538 0.00163496 0.00163676 
0.00149492 0.00149786 0.00162941 0.00163119 
0.00150345 0.00150034 0.00163680 0.00163645 
0.00149917 0.00149997 0.00163804 0.00164026 
0.00150795 0.00149983 0.00164182 0.00164539 
0.00150643 0.00150366 0.00164230 0.00164345 
0.00150884 0.00151564 0.00165300 0.00165449 
0.00151945 0.00152579 0.00166144 0.00165901 
0.00150792 0.00150091 0.00164692 0.00164930 
0.00151199 0.00150852 0.00164742 0.00164569 
0.00153306 0.00152991 0.00166985 0.00167567 
0.00154728 0.00155195 0.00167447 0.00166855 
0.00150845 0.00151162 0.00165864 0.00164912 
0.00152164 0.00151802 0.00166436 0.00166108 
0.00152155 0.00152315 0.00165520 0.00165514 
0.00151606 0.00151651 0.00164770 0.00165749 
0.00151735 0.00151599 0.00165518 0.00164794 
0.00151579 0.00151557 0.00164910 0.00164503 
0.00152012 0.00151879 0.00165239 0.00164942 
0.00152455 0.00152053 0.00165966 0.00165645 
0.00152158 0.00152770 0.00165744 0.00165614 
0.00152924 0.00152699 0.00166921 0.00166800 
0.00152276 0.00152262 0.00165930 0.00166354 
0.00152919 0.00152576 0.00166989 0.00167095 
0.00152470 0.00152315 0.00166635 0.00166298 
0.00152783 0.00152848 0.00167191 0.00167338 
0.00152911 0.00152878 0.00167054 0.00167340 
0.00153226 0.00153196 0.00166585 0.00166515 
0.00154223 0.00153848 0.00168076 0.00167538 
0.00153403 0.00153179 0.00167749 0.00167384 
0.00152866 0.00153141 0.00167061 0.00167101 
0.00153347 0.00153742 0.00168049 0.00167934 
0.00153538 0.00153536 0.00167305 0.00167749 
0.00153649 0.00154155 0.00168195 0.00168725 
0.00154306 0.00153872 0.00167510 0.00167748 
0.00155331 0.00154073 0.00168370 0.00168629 
0.00154740 0.00154355 0.00168519 0.00168266 
0.00155761 0.00155020 0.00169061 0.00169025 
0.00154357 0.00154379 0.00167696 0.00167981 
0.00154772 0.00154434 0.00168176 0.00168018 
0.00156248 0.00155379 0.00169842 0.00170536 
0.00155391 0.00154922 0.00169155 0.00169623 
0.00155320 0.00154812 0.00168782 0.00170143 
0.00155049 0.00155307 0.00169884 0.00169828 
0.00157859 0.00157813 0.00173034 0.00172938 
0.00159151 0.00158861 0.00173311 0.00173025 
0.00158860 0.00158329 0.00174102 0.00173682 
0.00161235 0.00161904 0.00174953 0.00174917 
0.00158975 0.00158828 0.00172993 0.00173901 
0.00156495 0.00156305 0.00170817 0.00170566 
0.00156389 0.00156853 0.00171802 0.00171629 
0.00157339 0.00157005 0.00171179 0.00170909 
0.00156343 0.00156435 0.00171285 0.00171149 
0.00156331 0.00156652 0.00170390 0.00170366 
0.00156387 0.00156924 0.00171451 0.00171275 
0.00156800 0.00156627 0.00170878 0.00170873 
0.00159567 0.00159650 0.00175000 0.00174303 
0.00160455 0.00161658 0.00174896 0.00174510 
0.00160085 0.00160574 0.00174825 0.00174531 
0.00161897 0.00162875 0.00178036 0.00178156 
0.00160874 0.00160371 0.00174645 0.00174879 
0.00158698 0.00158555 0.00173177 0.00173095 
0.00158814 0.00158345 0.00172782 0.00173003 
0.00158774 0.00159248 0.00173851 0.00173889 
0.00160016 0.00159912 0.00173352 0.00173908 
0.00159307 0.00158247 0.00172489 0.00172442 
0.00158563 0.00158357 0.00172656 0.00172586 
0.00158893 0.00158841 0.00172878 0.00172797 
0.00159905 0.00159462 0.00175142 0.00175996 
0.00158818 0.00158888 0.00174122 0.00173920 
0.00159167 0.00159002 0.00172927 0.00173544 
0.00158762 0.00158980 0.00173090 0.00173138 
0.00159702 0.00159058 0.00173432 0.00173823 
0.00158877 0.00158934 0.00173138 0.00173031 
0.00159659 0.00159446 0.00172574 0.00173299 
0.00160189 0.00160516 0.00174973 0.00174579 
0.00160466 0.00160617 0.00174766 0.00174411 
0.00160024 0.00159651 0.00174481 0.00174201 
0.00159757 0.00160116 0.00175517 0.00175001 
0.00160179 0.00160274 0.00173997 0.00174028 
0.00160747 0.00160479 0.00175304 0.00175524 
0.00160572 0.00160308 0.00175168 0.00175160 
0.00160443 0.00160759 0.00174516 0.00174414 
0.00160381 0.00161141 0.00175330 0.00175494 
0.00161124 0.00160808 0.00174461 0.00175202 
0.00160669 0.00161069 0.00176432 0.00176721 
0.00161450 0.00161628 0.00174803 0.00174579 
0.00162301 0.00162146 0.00176465 0.00176590 
0.00161705 0.00161765 0.00175722 0.00176320 
0.00161018 0.00161013 0.00174916 0.00175033 
0.00162530 0.00162293 0.00176471 0.00176788 
0.00161535 0.00162016 0.00175657 0.00175495 
0.00161740 0.00161577 0.00175704 0.00175849 
0.00162173 0.00162398 0.00177824 0.00177223 
0.00162127 0.00162197 0.00176880 0.00176734 
0.00162740 0.00162616 0.00177094 0.00176842 
0.00162701 0.00162923 0.00176631 0.00177019 
0.00162755 0.00162103 0.00176791 0.00177042 
0.00164110 0.00163982 0.00178521 0.00178322 
0.00163213 0.00163058 0.00177534 0.00177414 
0.00162701 0.00163231 0.00177227 0.00176479 
0.00163485 0.00163156 0.00178263 0.00178521 
0.00163228 0.00163012 0.00177940 0.00177899 
0.00163498 0.00163354 0.00179011 0.00178519 
0.00163749 0.00163576 0.00178490 0.00177951 
0.00163241 0.00163435 0.00178244 0.00178849 
0.00164070 0.00163364 0.00178222 0.00178651 
0.00164214 0.00164409 0.00181657 0.00180607 
0.00163760 0.00163746 0.00178752 0.00178951 
0.00164394 0.00164094 0.00178157 0.00178769 
0.00165050 0.00164896 0.00179174 0.00178991 
0.00164765 0.00164281 0.00179134 0.00179221 
0.00164922 0.00164514 0.00178752 0.00178748 
0.00165577 0.00165326 0.00180552 0.00180441 
0.00164329 0.00164833 0.00179215 0.00178982 
0.00171672 0.00171774 0.00187651 0.00187793 
0.00177970 0.00179694 0.00197851 0.00195978 
0.00178268 0.00178757 0.00194323 0.00193465 
0.00173102 0.00173150 0.00188066 0.00189012 
0.00168633 0.00168916 0.00184984 0.00184348 
0.00173729 0.00172880 0.00189170 0.00188255 
0.00167855 0.00167391 0.00183320 0.00183132 
0.00168933 0.00169021 0.00183855 0.00183554 
0.00170049 0.00170241 0.00185840 0.00187555 
0.00170551 0.00171113 0.00187002 0.00186682 
0.00172184 0.00172597 0.00188063 0.00188378 
0.00172479 0.00172228 0.00188092 0.00187565 
0.00168594 0.00168609 0.00183483 0.00183303 
0.00168268 0.00168043 0.00183332 0.00183444 
0.00168226 0.00168453 0.00183011 0.00182896 
0.00169416 0.00168781 0.00184042 0.00184202 
0.00169196 0.00169435 0.00184629 0.00184706 
0.00168819 0.00168667 0.00183342 0.00183407 
0.00169037 0.00168960 0.00184525 0.00184194 
0.00169052 0.00169302 0.00184057 0.00184076 
0.00172098 0.00171863 0.00187693 0.00188040 
0.00169416 0.00169445 0.00185758 0.00185101 
0.00169184 0.00169136 0.00183126 0.00183827 
0.00168814 0.00169118 0.00183638 0.00183606 
0.00170070 0.00171260 0.00184648 0.00185869 
0.00168677 0.00168731 0.00184023 0.00184738 
0.00169331 0.00168863 0.00184423 0.00184516 
0.00168972 0.00168668 0.00183522 0.00183496 
0.00168710 0.00168652 0.00183586 0.00183670 
0.00169067 0.00168905 0.00184037 0.00184028 
0.00169286 0.00170024 0.00185705 0.00186371 
0.00169538 0.00169253 0.00184093 0.00184605 
0.00169948 0.00170466 0.00185098 0.00185380 
0.00169580 0.00169649 0.00184551 0.00184570 
0.00169838 0.00169535 0.00184435 0.00184481 
0.00170968 0.00169956 0.00186076 0.00186194 
0.00169954 0.00169834 0.00185019 0.00184957 
0.00170551 0.00170600 0.00185483 0.00185764 
0.00171312 0.00171534 0.00185918 0.00186261 
0.00173659 0.00172746 0.00189361 0.00189475 
0.00170993 0.00171749 0.00187922 0.00186821 
0.00171005 0.00171051 0.00186601 0.00186576 
0.00172117 0.00172315 0.00186955 0.00186241 
0.00170960 0.00171405 0.00186536 0.00186259 
0.00173989 0.00174219 0.00188028 0.00188475 
0.00172133 0.00172253 0.00188617 0.00187630 
0.00171481 0.00171653 0.00187695 0.00187025 
0.00172085 0.00173465 0.00188588 0.00188339 
0.00172372 0.00172758 0.00188743 0.00188503 
0.00171859 0.00172295 0.00187360 0.00186573 
0.00171854 0.00172391 0.00187529 0.00187399 
0.00173494 0.00175282 0.00190518 0.00189588 
0.00172615 0.00173246 0.00188361 0.00188418 
0.00172346 0.00172998 0.00188612 0.00188309 
0.00172299 0.00173415 0.00187433 0.00187029 
0.00172623 0.00172560 0.00187919 0.00188015 
0.00173323 0.00173276 0.00188908 0.00188287 
0.00173435 0.00172776 0.00187688 0.00188208 
0.00173769 0.00173027 0.00187651 0.00188144 
0.00173256 0.00173519 0.00189709 0.00189244 
0.00174229 0.00174254 0.00189528 0.00189954 
0.00173299 0.00173421 0.00188678 0.00188494 
0.00173569 0.00173603 0.00189305 0.00189800 
0.00174249 0.00174726 0.00189380 0.00189481 
0.00175897 0.00175678 0.00190441 0.00190711 
0.00174700 0.00175158 0.00190890 0.00190559 
0.00174306 0.00174067 0.00189786 0.00189135 
0.00175024 0.00174260 0.00189798 0.00189803 
0.00175730 0.00176399 0.00191092 0.00191135 
0.00175882 0.00175491 0.00191165 0.00190672 
0.00174732 0.00174654 0.00190302 0.00190359 
0.00174251 0.00174908 0.00191094 0.00190946 
0.00175926 0.00175723 0.00191002 0.00191007 
0.00175178 0.00175907 0.00191313 0.00190926 
0.00176025 0.00176132 0.00190265 0.00190594 
0.00175968 0.00175303 0.00191477 0.00191635 
0.00175590 0.00176106 0.00192858 0.00192492 
0.00176224 0.00176536 0.00192383 0.00193131 
0.00175501 0.00175640 0.00190907 0.00190900 
0.00175578 0.00175563 0.00191310 0.00191533 
0.00176942 0.00176253 0.00192599 0.00193102 
0.00179766 0.00179990 0.00195259 0.00196077 
0.00177279 0.00176798 0.00193077 0.00192214 
0.00176241 0.00176262 0.00191424 0.00191232 
0.00176941 0.00176855 0.00192482 0.00192856 
0.00177810 0.00177376 0.00193568 0.00193706 
0.00177550 0.00177166 0.00192542 0.00193190 
0.00177000 0.00177088 0.00192841 0.00192757 
0.00177296 0.00177669 0.00192441 0.00192585 
0.00177613 0.00177288 0.00192922 0.00193612 
0.00177596 0.00177360 0.00192552 0.00192472 
0.00177766 0.00177947 0.00193462 0.00193770 
0.00177713 0.00177491 0.00194151 0.00193971 
0.00178118 0.00177984 0.00194259 0.00194322 
0.00179298 0.00178073 0.00194890 0.00194475 
0.00178579 0.00178109 0.00193730 0.00194237 
0.00179450 0.00179853 0.00195864 0.00196239 
0.00178736 0.00178489 0.00193914 0.00193676 
0.00179201 0.00178685 0.00194828 0.00195107 
0.00179536 0.00179785 0.00195746 0.00195568 
0.00178718 0.00179310 0.00195523 0.00195182 
0.00180039 0.00180447 0.00195902 0.00195941 
0.00180367 0.00179242 0.00195145 0.00194855 
0.00179161 0.00179247 0.00196324 0.00196281 
0.00179744 0.00179304 0.00194943 0.00195122 
0.00179716 0.00179882 0.00197616 0.00196602 
0.00180330 0.00179625 0.00196125 0.00196107 
0.00179758 0.00179931 0.00196076 0.00196011 
0.00181096 0.00180671 0.00196309 0.00196366 
0.00181058 0.00180731 0.00196835 0.00197011 
0.00183421 0.00185189 0.00199230 0.00198613 
0.00180741 0.00180786 0.00196994 0.00197056 
0.00180794 0.00181475 0.00196290 0.00196523 
0.00180735 0.00181170 0.00197130 0.00196950 
0.00182933 0.00181765 0.00198713 0.00199699 
0.00181542 0.00181707 0.00198199 0.00198467 
0.00181135 0.00181501 0.00198164 0.00198673 
0.00182152 0.00183145 0.00199040 0.00198645 
0.00183328 0.00183190 0.00200049 0.00199138 
0.00182711 0.00182993 0.00197463 0.00198268 
0.00181868 0.00181789 0.00196931 0.00196903 
0.00182277 0.00183134 0.00198666 0.00198205 
0.00181612 0.00182208 0.00198031 0.00197612 
0.00182004 0.00182637 0.00198213 0.00197816 
0.00182448 0.00182255 0.00198140 0.00198701 
0.00182526 0.00182105 0.00197880 0.00198440 
0.00182541 0.00183383 0.00199015 0.00198935 
0.00182650 0.00182347 0.00197723 0.00197830 
0.00182619 0.00182532 0.00199164 0.00199104 
0.00183419 0.00183273 0.00198476 0.00198766 
0.00184319 0.00183878 0.00199882 0.00199562 
0.00183065 0.00182858 0.00199032 0.00199024 
0.00183510 0.00183369 0.00200022 0.00199972 
0.00182974 0.00183140 0.00199137 0.00199496 
0.00183505 0.00183656 0.00200584 0.00200805 
0.00183959 0.00183919 0.00201415 0.00200841 
0.00183726 0.00183852 0.00199653 0.00199992 
0.00183639 0.00184026 0.00201003 0.00200576 
0.00184738 0.00185246 0.00201470 0.00200850 
0.00184424 0.00184926 0.00200020 0.00200118 
0.00184488 0.00184659 0.00201683 0.00201168 
0.00185047 0.00185000 0.00200816 0.00202431 
0.00187052 0.00186853 0.00202619 0.00202242 
0.00185700 0.00185252 0.00201296 0.00201216 
0.00184870 0.00184677 0.00201679 0.00201849 
0.00184854 0.00184562 0.00201232 0.00200970 
0.00185497 0.00185104 0.00201445 0.00201356 
0.00185342 0.00185143 0.00202136 0.00201778 
0.00188091 0.00188531 0.00204319 0.00204085 
0.00185615 0.00185463 0.00201961 0.00202647 
0.00187057 0.00186742 0.00202430 0.00202441 
0.00185996 0.00185724 0.00202560 0.00202845 
0.00186215 0.00186072 0.00201483 0.00201797 
0.00185568 0.00185913 0.00202654 0.00202851 
0.00186009 0.00186063 0.00202758 0.00202753 
0.00186845 0.00186524 0.00202505 0.00202217 
0.00186289 0.00186313 0.00203055 0.00203507 
0.00187379 0.00187050 0.00202880 0.00203459 
0.00187203 0.00187854 0.00203702 0.00203394 
0.00187405 0.00186876 0.00203679 0.00203569 
0.00187201 0.00188465 0.00204997 0.00204453 
0.00187410 0.00187154 0.00204109 0.00204103 
0.00187456 0.00187289 0.00204110 0.00203716 
0.00188809 0.00189595 0.00205448 0.00206844 
0.00188090 0.00187681 0.00204361 0.00203895 
0.00188037 0.00187610 0.00204188 0.00203892 
0.00188771 0.00188911 0.00206354 0.00206449 
0.00188263 0.00188210 0.00204555 0.00204908 
0.00189742 0.00188868 0.00206112 0.00206797 
0.00187842 0.00188104 0.00203523 0.00203845 
0.00189148 0.00188631 0.00204931 0.00204927 
0.00188753 0.00188785 0.00207306 0.00208516 
0.00189681 0.00188996 0.00205175 0.00205690 
0.00188730 0.00188534 0.00204909 0.00204995 
0.00188832 0.00188791 0.00205189 0.00205424 
0.00189351 0.00189486 0.00205907 0.00205424 
0.00190306 0.00189710 0.00205784 0.00206535 
0.00189235 0.00190032 0.00206078 0.00206192 
0.00197656 0.00196560 0.00211583 0.00213167 
0.00191840 0.00190824 0.00207160 0.00207038 
0.00189635 0.00189783 0.00207159 0.00207056 
0.00189865 0.00189677 0.00206694 0.00206653 
0.00190083 0.00189788 0.00207031 0.00206860 
0.00189888 0.00190157 0.00207247 0.00207064 
0.00190298 0.00189976 0.00207181 0.00207568 
0.00190739 0.00190430 0.00207047 0.00207283 
0.00191579 0.00191098 0.00207569 0.00208096 
0.00190786 0.00190640 0.00207381 0.00207471 
0.00190474 0.00190956 0.00207430 0.00207054 
0.00191285 0.00190862 0.00207804 0.00207931 
0.00192001 0.00191042 0.00206964 0.00206939 
0.00191666 0.00192291 0.00208554 0.00208666 
0.00191444 0.00191883 0.00208259 0.00207871 
0.00191995 0.00192385 0.00208931 0.00209032 
0.00193231 0.00193001 0.00209970 0.00210335 
0.00192062 0.00191706 0.00208490 0.00208506 
0.00192695 0.00192086 0.00208714 0.00208929 
0.00191942 0.00192198 0.00209449 0.00209086 
0.00192224 0.00191932 0.00208779 0.00208854 
0.00191861 0.00192138 0.00210365 0.00210585 
0.00193447 0.00193276 0.00209895 0.00210244 
0.00193097 0.00193538 0.00211333 0.00210338 
0.00193003 0.00192263 0.00210641 0.00210857 
0.00193195 0.00193174 0.00209518 0.00209905 
0.00193038 0.00192935 0.00210309 0.00210334 
0.00192876 0.00193416 0.00210174 0.00209981 
0.00194126 0.00193300 0.00210423 0.00210606 
0.00193575 0.00194735 0.00210528 0.00211301 
0.00194739 0.00194158 0.00210211 0.00211218 
0.00193547 0.00193649 0.00210161 0.00210128 
0.00193885 0.00193442 0.00210168 0.00210213 
0.00193923 0.00194601 0.00211767 0.00211487 
0.00194250 0.00194422 0.00212088 0.00211475 
0.00193816 0.00194459 0.00211050 0.00211079 
0.00195194 0.00195504 0.00213746 0.00213078 
0.00195824 0.00195496 0.00211953 0.00211998 
0.00195178 0.00194542 0.00212301 0.00212391 
0.00195897 0.00195756 0.00211558 0.00211687 
0.00195323 0.00195810 0.00213194 0.00213194 
0.00196589 0.00195376 0.00213246 0.00213642 
0.00195906 0.00195651 0.00212732 0.00212776 
0.00196144 0.00195154 0.00213392 0.00213049 
0.00196731 0.00196679 0.00214095 0.00214467 
0.00195919 0.00195525 0.00212581 0.00212717 
0.00195457 0.00195661 0.00213518 0.00213411 
0.00196318 0.00195769 0.00212611 0.00212944 
0.00195970 0.00195759 0.00213405 0.00214139 
0.00197329 0.00197340 0.00216161 0.00215423 
0.00196062 0.00196058 0.00213094 0.00212975 
0.00196242 0.00197096 0.00214676 0.00214353 
0.00196782 0.00196454 0.00213657 0.00213551 
0.00199399 0.00198059 0.00216176 0.00215629 
0.00200034 0.00199145 0.00215200 0.00216054 
0.00197109 0.00197189 0.00213236 0.00213623 
0.00196741 0.00196908 0.00213814 0.00213959 
0.00197073 0.00197129 0.00213937 0.00214103 
0.00201225 0.00199685 0.00217861 0.00218031 
0.00198492 0.00198059 0.00214680 0.00214530 
0.00197448 0.00197395 0.00214889 0.00214653 
0.00198279 0.00198561 0.00215587 0.00215753 
0.00199122 0.00200238 0.00217423 0.00217027 
0.00198348 0.00198137 0.00215226 0.00215007 
0.00198168 0.00198268 0.00215742 0.00215990 
0.00198285 0.00198424 0.00214845 0.00215279 
0.00198364 0.00199492 0.00217345 0.00216969 
0.00198317 0.00198460 0.00214832 0.00214730 
0.00200425 0.00199852 0.00217501 0.00217683 
0.00199028 0.00198715 0.00215172 0.00215012 
0.00199671 0.00200461 0.00217089 0.00217339 
0.00199200 0.00199380 0.00215786 0.00215809 
0.00199593 0.00199785 0.00217288 0.00217591 
0.00200394 0.00201446 0.00218272 0.00218432 
0.00199700 0.00199456 0.00217039 0.00217238 
0.00200370 0.00200674 0.00217747 0.00217282 
0.00199581 0.00200067 0.00217173 0.00217143 
0.00201473 0.00201179 0.00220051 0.00220404 
0.00200256 0.00200113 0.00218534 0.00218505 
0.00200547 0.00200226 0.00218081 0.00217722 
0.00200722 0.00201369 0.00218106 0.00217938 
0.00208420 0.00208379 0.00227245 0.00229000 
0.00203013 0.00204718 0.00222049 0.00221165 
0.00208015 0.00209167 0.00226044 0.00225691 
0.00213663 0.00215665 0.00231516 0.00230995 
0.00213626 0.00215288 0.00232373 0.00231914 
0.00217639 0.00219061 0.00239289 0.00239208 
0.00218036 0.00219120 0.00236618 0.00236043 
0.00208589 0.00210210 0.00230850 0.00228683 
0.00205983 0.00207606 0.00225173 0.00226800 
0.00216387 0.00216347 0.00232519 0.00232307 
0.00214012 0.00213630 0.00234048 0.00233302 
0.00213308 0.00212666 0.00232233 0.00233011 
0.00208958 0.00209438 0.00226387 0.00227289 
0.00210279 0.00208824 0.00228613 0.00228286 
0.00212440 0.00211308 0.00231904 0.00233246 
0.00205786 0.00206554 0.00222045 0.00222298 
0.00202924 0.00203160 0.00220939 0.00221845 
0.00203851 0.00203654 0.00220634 0.00221322 
0.00202840 0.00202424 0.00219183 0.00219263 
0.00203231 0.00203059 0.00220536 0.00219661 
0.00203421 0.00203437 0.00222488 0.00222906 
0.00202724 0.00202834 0.00220023 0.00220302 
0.00204067 0.00204522 0.00221391 0.00220728 
0.00203501 0.00203865 0.00221665 0.00221342 
0.00202980 0.00203157 0.00220623 0.00220409 
0.00204855 0.00203679 0.00221117 0.00221566 
0.00205159 0.00205221 0.00222587 0.00222902 
0.00203939 0.00203815 0.00220494 0.00220634 
0.00204237 0.00203858 0.00220520 0.00221169 
0.00204731 0.00204302 0.00221531 0.00222430 
0.00205232 0.00205573 0.00224227 0.00223841 
0.00204135 0.00204178 0.00221974 0.00221672 
0.00204756 0.00204458 0.00222894 0.00223049 
0.00204101 0.00204683 0.00222823 0.00222891 
0.00204797 0.00204813 0.00222882 0.00222617 
0.00205111 0.00205389 0.00222533 0.00222663 
0.00204949 0.00205172 0.00222832 0.00222846 
0.00205887 0.00206891 0.00225310 0.00224363 
0.00205670 0.00205257 0.00223170 0.00223186 
0.00205037 0.00205386 0.00222376 0.00222374 
0.00206024 0.00205520 0.00222866 0.00222850 
0.00205708 0.00205862 0.00222943 0.00222325 
0.00205972 0.00205971 0.00223974 0.00224680 
0.00206094 0.00207242 0.00224365 0.00224055 
0.00207209 0.00207149 0.00223890 0.00223585 
0.00205951 0.00206218 0.00224013 0.00224076 
0.00206563 0.00206249 0.00224345 0.00224517 
0.00207019 0.00206949 0.00224702 0.00224556 
0.00207177 0.00206625 0.00225162 0.00225832 
0.00206859 0.00206851 0.00224162 0.00224441 
0.00206931 0.00206677 0.00225282 0.00225930 
0.00208956 0.00208748 0.00226776 0.00227599 
0.00207408 0.00206841 0.00226246 0.00226213 
0.00207223 0.00207865 0.00225438 0.00225574 
0.00207742 0.00207325 0.00225444 0.00225280 
0.00208467 0.00208369 0.00226571 0.00226353 
0.00208088 0.00208397 0.00225647 0.00226015 
0.00209066 0.00209569 0.00226057 0.00226682 
0.00207578 0.00207887 0.00225251 0.00224994 
0.00209446 0.00209903 0.00226402 0.00226614 
0.00211424 0.00209650 0.00228607 0.00228447 
0.00208824 0.00208878 0.00226561 0.00226383 
0.00209640 0.00210141 0.00227655 0.00227651 
0.00208955 0.00208743 0.00226717 0.00226680 
0.00210738 0.00209346 0.00226980 0.00227179 
0.00212131 0.00211178 0.00230037 0.00230042 
0.00210210 0.00209258 0.00226598 0.00226550 
0.00210048 0.00209482 0.00228482 0.00228287 
0.00210621 0.00210537 0.00229470 0.00228045 
0.00212234 0.00211903 0.00229942 0.00230212 
0.00209501 0.00209822 0.00228110 0.00227747 
0.00211062 0.00210029 0.00229328 0.00228649 
0.00211132 0.00210000 0.00229299 0.00228776 
0.00210698 0.00211227 0.00229035 0.00229236 
0.00209740 0.00210613 0.00229856 0.00229394 
0.00210533 0.00210338 0.00229380 0.00229675 
0.00209825 0.00210184 0.00228466 0.00228662 
0.00211280 0.00210604 0.00228987 0.00229470 
0.00211254 0.00211316 0.00229697 0.00229669 
0.00211649 0.00211357 0.00230695 0.00230759 
0.00210914 0.00210701 0.00228405 0.00228407 
0.00212512 0.00212426 0.00231227 0.00230749 
0.00212211 0.00211527 0.00229888 0.00229965 
0.00213733 0.00214332 0.00233357 0.00232887 
0.00212340 0.00213049 0.00231063 0.00229302 
0.00211973 0.00211951 0.00229808 0.00229999 
0.00212072 0.00211650 0.00230690 0.00230687 
0.00211722 0.00212299 0.00230153 0.00230725 
0.00212439 0.00212041 0.00230840 0.00231215 
0.00213844 0.00213035 0.00231391 0.00231266 
0.00213338 0.00213031 0.00231576 0.00232691 
0.00212472 0.00213204 0.00231082 0.00230939 
0.00214322 0.00213758 0.00231511 0.00231416 
0.00214200 0.00214075 0.00233506 0.00232765 
0.00214136 0.00214410 0.00232225 0.00231872 
0.00213611 0.00213213 0.00231061 0.00231032 
0.00214276 0.00213138 0.00231733 0.00231724 
0.00214354 0.00214175 0.00232676 0.00233154 
0.00213362 0.00214476 0.00232789 0.00233247 
0.00214508 0.00213589 0.00232348 0.00231549 
0.00213415 0.00214224 0.00231471 0.00231379 
0.00214660 0.00214607 0.00232991 0.00232967 
0.00215126 0.00215984 0.00233767 0.00233573 
0.00214385 0.00215280 0.00232790 0.00232303 
0.00215072 0.00214881 0.00232814 0.00232164 
0.00214009 0.00214946 0.00233205 0.00232911 
0.00215152 0.00214545 0.00232245 0.00232269 
0.00214895 0.00215330 0.00233753 0.00233766 
0.00215329 0.00215008 0.00233498 0.00233676 
0.00216044 0.00215786 0.00234442 0.00234483 
0.00216124 0.00215699 0.00234197 0.00233406 
0.00215299 0.00215434 0.00234455 0.00234662 
0.00215779 0.00215998 0.00235392 0.00233795 
0.00217480 0.00216126 0.00234514 0.00235152 
0.00217651 0.00217003 0.00237769 0.00237663 
0.00216313 0.00216461 0.00235020 0.00234588 
0.00216779 0.00215691 0.00233216 0.00233744 
0.00216174 0.00216456 0.00236584 0.00236657 
0.00215829 0.00216523 0.00235436 0.00235991 
0.00216323 0.00217139 0.00234909 0.00234462 
0.00216825 0.00217165 0.00235692 0.00235578 
0.00216447 0.00216630 0.00235304 0.00234262 
0.00217048 0.00216965 0.00235384 0.00235533 
0.00218625 0.00217743 0.00236859 0.00236604 
0.00217533 0.00217623 0.00236568 0.00236210 
0.00218725 0.00218992 0.00237955 0.00238549 
0.00218414 0.00217602 0.00235374 0.00235643 
0.00217710 0.00217394 0.00235930 0.00236545 
0.00218630 0.00217820 0.00236868 0.00237208 
0.00217319 0.00218108 0.00237553 0.00236949 
0.00218432 0.00219162 0.00237387 0.00237471 
0.00217846 0.00217704 0.00237921 0.00238086 
0.00218076 0.00217872 0.00236964 0.00236819 
0.00218189 0.00219023 0.00236516 0.00236581 
0.00220389 0.00220048 0.00238161 0.00237971 
0.00218867 0.00218876 0.00236495 0.00237608 
0.00219498 0.00219052 0.00237168 0.00236866 
0.00220492 0.00220103 0.00239366 0.00238998 
0.00219454 0.00218992 0.00237968 0.00237159 
0.00219995 0.00221126 0.00239701 0.00239302 
0.00220290 0.00220118 0.00237101 0.00237205 
0.00219914 0.00219314 0.00238264 0.00238432 
0.00219157 0.00219641 0.00239535 0.00238569 
0.00220813 0.00220508 0.00239074 0.00239315 
0.00221276 0.00221956 0.00240573 0.00239934 
0.00221217 0.00221599 0.00239767 0.00240189 
0.00220130 0.00219954 0.00238644 0.00238202 
0.00219781 0.00219881 0.00239417 0.00239373 
0.00220389 0.00220224 0.00238456 0.00238311 
0.00220516 0.00220492 0.00239325 0.00239292 
0.00221796 0.00221867 0.00240714 0.00240308 
0.00220375 0.00220592 0.00239693 0.00239362 
0.00220705 0.00220908 0.00238922 0.00238772 
0.00221973 0.00221101 0.00239843 0.00240396 
0.00223787 0.00222473 0.00240944 0.00241718 
0.00222522 0.00222102 0.00242149 0.00241933 
0.00222380 0.00221654 0.00239918 0.00239744 
0.00221697 0.00222309 0.00241912 0.00241170 
0.00223904 0.00223938 0.00242808 0.00242783 
0.00222449 0.00222290 0.00241188 0.00241433 
0.00222163 0.00222215 0.00240840 0.00240870 
0.00222497 0.00222768 0.00239338 0.00239732 
0.00222467 0.00222159 0.00239941 0.00239946 
0.00224522 0.00223189 0.00242045 0.00243687 
0.00222228 0.00222268 0.00241392 0.00241836 
0.00222368 0.00223590 0.00241969 0.00241873 
0.00223258 0.00223226 0.00242223 0.00242037 
0.00223880 0.00224102 0.00242571 0.00242571 
0.00223216 0.00223309 0.00240201 0.00240876 
0.00223900 0.00223191 0.00242967 0.00242284 
0.00223466 0.00223332 0.00242351 0.00242491 
0.00223921 0.00224058 0.00243415 0.00243772 
0.00223922 0.00223443 0.00242876 0.00242546 
0.00223519 0.00224254 0.00243908 0.00243430 
0.00224241 0.00223932 0.00241834 0.00241991 
0.00225094 0.00224807 0.00243993 0.00244466 
0.00224365 0.00224641 0.00243201 0.00242670 
0.00224592 0.00224369 0.00242681 0.00242467 
0.00224592 0.00224405 0.00243707 0.00244459 
0.00225414 0.00224742 0.00244034 0.00243824 
0.00225881 0.00225477 0.00243984 0.00244748 
0.00225023 0.00225040 0.00243521 0.00243429 
0.00224918 0.00224918 0.00244682 0.00245155 
0.00225859 0.00225054 0.00244936 0.00245002 
0.00225770 0.00226104 0.00246271 0.00245667 
0.00225240 0.00225490 0.00245936 0.00245277 
0.00226476 0.00228538 0.00247826 0.00246465 
0.00226195 0.00226304 0.00244724 0.00244533 
0.00227239 0.00226630 0.00246630 0.00247002 
0.00226890 0.00226793 0.00245662 0.00245330 
0.00226228 0.00226099 0.00246006 0.00245103 
0.00226313 0.00225997 0.00245491 0.00245286 
0.00226191 0.00227031 0.00246543 0.00246019 
0.00227914 0.00227807 0.00247550 0.00246631 
0.00227097 0.00226671 0.00245723 0.00245662 
0.00226736 0.00227038 0.00246621 0.00246835 
0.00226907 0.00226897 0.00247015 0.00247676 
0.00227978 0.00229212 0.00247828 0.00246826 
0.00226876 0.00227056 0.00246251 0.00246163 
0.00227834 0.00227385 0.00246705 0.00246626 
0.00228676 0.00228063 0.00248194 0.00248713 
0.00228168 0.00228078 0.00248968 0.00248094 
0.00226992 0.00227548 0.00248040 0.00247730 
0.00227865 0.00228397 0.00248171 0.00247571 
0.00228390 0.00228570 0.00247096 0.00247284 
0.00228912 0.00229026 0.00248613 0.00249294 
0.00227656 0.00228044 0.00246839 0.00246843 
0.00229966 0.00228856 0.00248399 0.00248226 
0.00228307 0.00228389 0.00248234 0.00248186 
0.00234308 0.00235467 0.00257454 0.00255151 
0.00228808 0.00228810 0.00248666 0.00248895 
0.00228831 0.00228951 0.00249827 0.00249996 
0.00229044 0.00229174 0.00248433 0.00248771 
0.00230982 0.00229940 0.00251940 0.00250935 
0.00229179 0.00228947 0.00249701 0.00250151 
0.00229669 0.00229330 0.00249020 0.00248879 
0.00229264 0.00229673 0.00250962 0.00250115 
0.00230879 0.00231845 0.00252075 0.00251540 
0.00230261 0.00229840 0.00249756 0.00249350 
0.00231010 0.00231424 0.00250025 0.00249827 
0.00231369 0.00230771 0.00250493 0.00250251 
0.00230722 0.00230670 0.00251275 0.00250909 
0.00230679 0.00230338 0.00249992 0.00249815 
0.00233152 0.00233855 0.00254296 0.00254014 
0.00232398 0.00232549 0.00252744 0.00252443 
0.00231615 0.00231037 0.00250167 0.00250201 
0.00232243 0.00231994 0.00252363 0.00252095 
0.00231104 0.00231664 0.00250575 0.00250739 
0.00231500 0.00231763 0.00251187 0.00251019 
0.00231522 0.00231357 0.00251087 0.00251178 
0.00232216 0.00231567 0.00251015 0.00251639 
0.00232578 0.00232305 0.00251827 0.00251678 
0.00232230 0.00232262 0.00251157 0.00250971 
0.00232359 0.00232453 0.00251174 0.00251058 
0.00232755 0.00233046 0.00252822 0.00252787 
0.00232153 0.00232312 0.00251780 0.00252179 
0.00233075 0.00232616 0.00252962 0.00252335 
0.00232575 0.00233294 0.00252284 0.00251995 
0.00234182 0.00233103 0.00252565 0.00252266 
0.00232862 0.00233089 0.00251238 0.00251667 
0.00233104 0.00233274 0.00253843 0.00253096 
0.00233128 0.00233259 0.00253470 0.00253250 
0.00234839 0.00235607 0.00253854 0.00252679 
0.00233311 0.00233238 0.00252633 0.00252740 
0.00234032 0.00233365 0.00253738 0.00253385 
0.00233651 0.00233437 0.00253702 0.00254375 
0.00233993 0.00234862 0.00253533 0.00253882 
0.00234073 0.00233645 0.00253323 0.00253475 
0.00234574 0.00234321 0.00254317 0.00254959 
0.00233847 0.00235018 0.00255380 0.00254826 
0.00236828 0.00235334 0.00255856 0.00256402 
0.00234226 0.00234438 0.00255385 0.00254221 
0.00234495 0.00234767 0.00255413 0.00255657 
0.00235875 0.00235079 0.00255160 0.00255033 
0.00235487 0.00236126 0.00255293 0.00255874 
0.00235537 0.00235504 0.00256153 0.00255797 
0.00234668 0.00235039 0.00253691 0.00254263 
0.00235851 0.00235558 0.00255748 0.00255129 
0.00237374 0.00237287 0.00259204 0.00259629 
0.00236280 0.00235575 0.00256187 0.00256822 
0.00235556 0.00236149 0.00255183 0.00254648 
0.00236007 0.00235707 0.00256874 0.00256556 
0.00238533 0.00238743 0.00258919 0.00259277 
0.00236345 0.00236756 0.00257075 0.00256456 
0.00236343 0.00236144 0.00256463 0.00256665 
0.00237491 0.00236879 0.00256187 0.00256312 
0.00237189 0.00236840 0.00255650 0.00255948 
0.00237520 0.00238204 0.00257850 0.00258244 
0.00237140 0.00236981 0.00257817 0.00257952 
0.00237628 0.00237893 0.00257455 0.00257193 
0.00244705 0.00244551 0.00264805 0.00264601 
0.00237656 0.00238471 0.00258085 0.00258606 
0.00239652 0.00237781 0.00258428 0.00258505 
0.00238797 0.00238251 0.00257760 0.00257694 
0.00239467 0.00239126 0.00258492 0.00258467 
0.00242387 0.00243186 0.00265088 0.00264464 
0.00244027 0.00242900 0.00263136 0.00263555 
0.00246861 0.00246322 0.00265270 0.00264835 
0.00238837 0.00238453 0.00259382 0.00259916 
0.00238270 0.00238261 0.00258993 0.00258755 
0.00238758 0.00238423 0.00259326 0.00259111 
0.00239332 0.00239662 0.00258337 0.00258280 
0.00238421 0.00238962 0.00258988 0.00259847 
0.00238774 0.00239151 0.00259062 0.00259115 
0.00239629 0.00239449 0.00261160 0.00260968 
0.00239756 0.00239727 0.00259877 0.00261116 
0.00240544 0.00239868 0.00259839 0.00259495 
0.00240857 0.00240840 0.00261281 0.00260775 
0.00239245 0.00240012 0.00260300 0.00260842 
0.00241216 0.00241196 0.00264229 0.00263081 
0.00240102 0.00240042 0.00260489 0.00260930 
0.00240333 0.00240213 0.00260220 0.00259324 
0.00240278 0.00240586 0.00260899 0.00261062 
0.00242616 0.00241293 0.00264580 0.00263821 
0.00240643 0.00240801 0.00261354 0.00261023 
0.00240691 0.00241347 0.00260671 0.00260295 
0.00240726 0.00241485 0.00260389 0.00260990 
0.00241619 0.00243512 0.00266957 0.00265271 
0.00242101 0.00241087 0.00262507 0.00263568 
0.00241644 0.00241842 0.00261668 0.00261883 
0.00241747 0.00242085 0.00262921 0.00262034 
0.00243063 0.00242925 0.00263440 0.00263803 
0.00243039 0.00241449 0.00262775 0.00263005 
0.00242016 0.00242083 0.00262852 0.00264072 
0.00242538 0.00242915 0.00262167 0.00262829 
0.00242265 0.00242695 0.00262721 0.00262482 
0.00242848 0.00242702 0.00262122 0.00262131 
0.00242204 0.00242640 0.00262526 0.00262458 
0.00242248 0.00242522 0.00263453 0.00263339 
0.00243058 0.00244437 0.00264240 0.00263806 
0.00243273 0.00242541 0.00263780 0.00263911 
0.00243823 0.00244550 0.00264127 0.00264475 
0.00243486 0.00242899 0.00263290 0.00263974 
0.00244841 0.00244222 0.00263930 0.00264404 
0.00245167 0.00243957 0.00264235 0.00264051 
0.00245278 0.00244871 0.00263519 0.00263430 
0.00244246 0.00244230 0.00264334 0.00264620 
0.00244418 0.00244642 0.00264539 0.00264873 
0.00243623 0.00243972 0.00264577 0.00264460 
0.00245240 0.00245487 0.00265908 0.00264913 
0.00244970 0.00244319 0.00264990 0.00265503 
0.00245102 0.00244376 0.00265559 0.00265488 
0.00244739 0.00244882 0.00265868 0.00265187 
0.00245351 0.00245216 0.00266907 0.00265869 
0.00244892 0.00244913 0.00265359 0.00265718 
0.00244547 0.00244979 0.00266181 0.00265682 
0.00244626 0.00245156 0.00265807 0.00265415 
0.00245602 0.00245646 0.00265713 0.00266376 
0.00246164 0.00245307 0.00265547 0.00265560 
0.00245753 0.00245706 0.00266053 0.00265378 
0.00245310 0.00245953 0.00265833 0.00266389 
0.00245840 0.00246070 0.00266923 0.00266705 
0.00248189 0.00248399 0.00269759 0.00269526 
0.00245839 0.00246243 0.00266807 0.00266798 
0.00246533 0.00246171 0.00265806 0.00265576 
0.00247227 0.00247751 0.00268663 0.00269349 
0.00248462 0.00247573 0.00268835 0.00269360 
0.00247674 0.00246398 0.00267328 0.00267908 
0.00246748 0.00247277 0.00268662 0.00268089 
0.00246488 0.00247062 0.00268138 0.00268879 
0.00247559 0.00247473 0.00268862 0.00268382 
0.00247698 0.00246770 0.00267472 0.00267123 
0.00249298 0.00248108 0.00267912 0.00268490 
0.00248904 0.00248066 0.00268517 0.00268907 
0.00248164 0.00247981 0.00269895 0.00270091 
0.00247416 0.00247409 0.00268651 0.00268984 
0.00250044 0.00249087 0.00269162 0.00270542 
0.00247710 0.00248225 0.00270548 0.00269721 
0.00247926 0.00248346 0.00269100 0.00269741 
0.00247642 0.00247898 0.00269889 0.00269882 
0.00253850 0.00256078 0.00276928 0.00277629 
0.00255232 0.00255260 0.00275040 0.00275973 
0.00259050 0.00260569 0.00280109 0.00279232 
0.00255901 0.00257601 0.00276792 0.00274835 
0.00258832 0.00259368 0.00279620 0.00280559 
0.00256490 0.00257460 0.00277908 0.00279641 
0.00255718 0.00258065 0.00276695 0.00277495 
0.00251790 0.00253603 0.00272034 0.00272598 
0.00252057 0.00253431 0.00275405 0.00273420 
0.00251857 0.00253020 0.00272846 0.00272368 
0.00250781 0.00251792 0.00271790 0.00271078 
0.00250524 0.00251580 0.00270901 0.00271641 
0.00250861 0.00249901 0.00270629 0.00270999 
0.00249434 0.00250004 0.00270388 0.00270595 
0.00251246 0.00250460 0.00270405 0.00270970 
0.00250821 0.00251324 0.00272820 0.00272310 
0.00251450 0.00251278 0.00272152 0.00271820 
0.00261023 0.00262140 0.00279723 0.00279980 
0.00257313 0.00257839 0.00279756 0.00278875 
0.00259734 0.00257091 0.00281329 0.00282023 
0.00260193 0.00257480 0.00279373 0.00279358 
0.00257685 0.00258120 0.00279474 0.00279934 
0.00262352 0.00262856 0.00282699 0.00283788 
0.00257433 0.00256424 0.00277536 0.00279398 
0.00256445 0.00256851 0.00275158 0.00275130 
0.00255153 0.00254818 0.00279893 0.00278592 
0.00259797 0.00265664 0.00282682 0.00282563 
0.00270000 0.00271748 0.00295678 0.00294546 
0.00280140 0.00283883 0.00307523 0.00305910 
0.00262003 0.00262716 0.00281289 0.00284530 
0.00258528 0.00263094 0.00280501 0.00279342 
0.00259365 0.00263368 0.00280747 0.00279312 
0.00257727 0.00260192 0.00279621 0.00279686 
0.00258466 0.00259857 0.00279200 0.00279490 
0.00260154 0.00261485 0.00282958 0.00282834 
0.00260350 0.00258553 0.00279194 0.00279376 
0.00258690 0.00263282 0.00282576 0.00281318 
0.00260461 0.00259387 0.00278307 0.00280225 
0.00259545 0.00259556 0.00281795 0.00279083 
0.00264183 0.00262296 0.00285098 0.00284851 
0.00259967 0.00259293 0.00280218 0.00279495 
0.00257599 0.00258276 0.00279025 0.00279911 
0.00259153 0.00260981 0.00283207 0.00283581 
0.00259595 0.00261247 0.00282023 0.00282958 
0.00260425 0.00259296 0.00281364 0.00281611 
0.00260986 0.00258797 0.00282708 0.00281847 
0.00260556 0.00260930 0.00282668 0.00283041 
0.00271737 0.00268948 0.00291836 0.00290589 
0.00270767 0.00267606 0.00287562 0.00291238 
0.00270498 0.00273974 0.00294736 0.00292241 
0.00269881 0.00267951 0.00290591 0.00289252 
0.00264522 0.00265168 0.00287497 0.00290607 
0.00262151 0.00262113 0.00283120 0.00282090 
0.00272166 0.00270508 0.00289886 0.00292014 
0.00268206 0.00266347 0.00291320 0.00285993 
0.00260441 0.00259491 0.00283053 0.00281265 
0.00261207 0.00262315 0.00284186 0.00282008 
0.00261603 0.00260184 0.00283060 0.00284101 
0.00260637 0.00260879 0.00280058 0.00283162 
0.00262729 0.00263241 0.00282793 0.00282137 
0.00259430 0.00259721 0.00284163 0.00280585 
0.00258510 0.00260170 0.00285062 0.00282766 
0.00260766 0.00261215 0.00282334 0.00283382 
0.00263931 0.00261814 0.00285380 0.00284880 
